Is empty : false
Lenght of Array : 22
-------------------------------------
4 5 2 9 12 78 90 567 3 2 567 890 32 45 678 9 0 567 3 21 32 4567 
-------------------------------------
-------------------------------------
Pass = 0
-------------------------------------
[4] [5] 2 9 12 78 90 567 3 2 567 890 32 45 678 9 0 567 3 21 32 4567 
[4] 5 [2] 9 12 78 90 567 3 2 567 890 32 45 678 9 0 567 3 21 32 4567 
[2] 5 4 [9] 12 78 90 567 3 2 567 890 32 45 678 9 0 567 3 21 32 4567 
[2] 5 4 9 [12] 78 90 567 3 2 567 890 32 45 678 9 0 567 3 21 32 4567 
[2] 5 4 9 12 [78] 90 567 3 2 567 890 32 45 678 9 0 567 3 21 32 4567 
[2] 5 4 9 12 78 [90] 567 3 2 567 890 32 45 678 9 0 567 3 21 32 4567 
[2] 5 4 9 12 78 90 [567] 3 2 567 890 32 45 678 9 0 567 3 21 32 4567 
[2] 5 4 9 12 78 90 567 [3] 2 567 890 32 45 678 9 0 567 3 21 32 4567 
[2] 5 4 9 12 78 90 567 3 [2] 567 890 32 45 678 9 0 567 3 21 32 4567 
[2] 5 4 9 12 78 90 567 3 2 [567] 890 32 45 678 9 0 567 3 21 32 4567 
[2] 5 4 9 12 78 90 567 3 2 567 [890] 32 45 678 9 0 567 3 21 32 4567 
[2] 5 4 9 12 78 90 567 3 2 567 890 [32] 45 678 9 0 567 3 21 32 4567 
[2] 5 4 9 12 78 90 567 3 2 567 890 32 [45] 678 9 0 567 3 21 32 4567 
[2] 5 4 9 12 78 90 567 3 2 567 890 32 45 [678] 9 0 567 3 21 32 4567 
[2] 5 4 9 12 78 90 567 3 2 567 890 32 45 678 [9] 0 567 3 21 32 4567 
[2] 5 4 9 12 78 90 567 3 2 567 890 32 45 678 9 [0] 567 3 21 32 4567 
[0] 5 4 9 12 78 90 567 3 2 567 890 32 45 678 9 2 [567] 3 21 32 4567 
[0] 5 4 9 12 78 90 567 3 2 567 890 32 45 678 9 2 567 [3] 21 32 4567 
[0] 5 4 9 12 78 90 567 3 2 567 890 32 45 678 9 2 567 3 [21] 32 4567 
[0] 5 4 9 12 78 90 567 3 2 567 890 32 45 678 9 2 567 3 21 [32] 4567 
[0] 5 4 9 12 78 90 567 3 2 567 890 32 45 678 9 2 567 3 21 32 [4567] 
-------------------------------------
Pass = 1
-------------------------------------
0 [5] [4] 9 12 78 90 567 3 2 567 890 32 45 678 9 2 567 3 21 32 4567 
0 [4] 5 [9] 12 78 90 567 3 2 567 890 32 45 678 9 2 567 3 21 32 4567 
0 [4] 5 9 [12] 78 90 567 3 2 567 890 32 45 678 9 2 567 3 21 32 4567 
0 [4] 5 9 12 [78] 90 567 3 2 567 890 32 45 678 9 2 567 3 21 32 4567 
0 [4] 5 9 12 78 [90] 567 3 2 567 890 32 45 678 9 2 567 3 21 32 4567 
0 [4] 5 9 12 78 90 [567] 3 2 567 890 32 45 678 9 2 567 3 21 32 4567 
0 [4] 5 9 12 78 90 567 [3] 2 567 890 32 45 678 9 2 567 3 21 32 4567 
0 [3] 5 9 12 78 90 567 4 [2] 567 890 32 45 678 9 2 567 3 21 32 4567 
0 [2] 5 9 12 78 90 567 4 3 [567] 890 32 45 678 9 2 567 3 21 32 4567 
0 [2] 5 9 12 78 90 567 4 3 567 [890] 32 45 678 9 2 567 3 21 32 4567 
0 [2] 5 9 12 78 90 567 4 3 567 890 [32] 45 678 9 2 567 3 21 32 4567 
0 [2] 5 9 12 78 90 567 4 3 567 890 32 [45] 678 9 2 567 3 21 32 4567 
0 [2] 5 9 12 78 90 567 4 3 567 890 32 45 [678] 9 2 567 3 21 32 4567 
0 [2] 5 9 12 78 90 567 4 3 567 890 32 45 678 [9] 2 567 3 21 32 4567 
0 [2] 5 9 12 78 90 567 4 3 567 890 32 45 678 9 [2] 567 3 21 32 4567 
0 [2] 5 9 12 78 90 567 4 3 567 890 32 45 678 9 2 [567] 3 21 32 4567 
0 [2] 5 9 12 78 90 567 4 3 567 890 32 45 678 9 2 567 [3] 21 32 4567 
0 [2] 5 9 12 78 90 567 4 3 567 890 32 45 678 9 2 567 3 [21] 32 4567 
0 [2] 5 9 12 78 90 567 4 3 567 890 32 45 678 9 2 567 3 21 [32] 4567 
0 [2] 5 9 12 78 90 567 4 3 567 890 32 45 678 9 2 567 3 21 32 [4567] 
-------------------------------------
Pass = 2
-------------------------------------
0 2 [5] [9] 12 78 90 567 4 3 567 890 32 45 678 9 2 567 3 21 32 4567 
0 2 [5] 9 [12] 78 90 567 4 3 567 890 32 45 678 9 2 567 3 21 32 4567 
0 2 [5] 9 12 [78] 90 567 4 3 567 890 32 45 678 9 2 567 3 21 32 4567 
0 2 [5] 9 12 78 [90] 567 4 3 567 890 32 45 678 9 2 567 3 21 32 4567 
0 2 [5] 9 12 78 90 [567] 4 3 567 890 32 45 678 9 2 567 3 21 32 4567 
0 2 [5] 9 12 78 90 567 [4] 3 567 890 32 45 678 9 2 567 3 21 32 4567 
0 2 [4] 9 12 78 90 567 5 [3] 567 890 32 45 678 9 2 567 3 21 32 4567 
0 2 [3] 9 12 78 90 567 5 4 [567] 890 32 45 678 9 2 567 3 21 32 4567 
0 2 [3] 9 12 78 90 567 5 4 567 [890] 32 45 678 9 2 567 3 21 32 4567 
0 2 [3] 9 12 78 90 567 5 4 567 890 [32] 45 678 9 2 567 3 21 32 4567 
0 2 [3] 9 12 78 90 567 5 4 567 890 32 [45] 678 9 2 567 3 21 32 4567 
0 2 [3] 9 12 78 90 567 5 4 567 890 32 45 [678] 9 2 567 3 21 32 4567 
0 2 [3] 9 12 78 90 567 5 4 567 890 32 45 678 [9] 2 567 3 21 32 4567 
0 2 [3] 9 12 78 90 567 5 4 567 890 32 45 678 9 [2] 567 3 21 32 4567 
0 2 [2] 9 12 78 90 567 5 4 567 890 32 45 678 9 3 [567] 3 21 32 4567 
0 2 [2] 9 12 78 90 567 5 4 567 890 32 45 678 9 3 567 [3] 21 32 4567 
0 2 [2] 9 12 78 90 567 5 4 567 890 32 45 678 9 3 567 3 [21] 32 4567 
0 2 [2] 9 12 78 90 567 5 4 567 890 32 45 678 9 3 567 3 21 [32] 4567 
0 2 [2] 9 12 78 90 567 5 4 567 890 32 45 678 9 3 567 3 21 32 [4567] 
-------------------------------------
Pass = 3
-------------------------------------
0 2 2 [9] [12] 78 90 567 5 4 567 890 32 45 678 9 3 567 3 21 32 4567 
0 2 2 [9] 12 [78] 90 567 5 4 567 890 32 45 678 9 3 567 3 21 32 4567 
0 2 2 [9] 12 78 [90] 567 5 4 567 890 32 45 678 9 3 567 3 21 32 4567 
0 2 2 [9] 12 78 90 [567] 5 4 567 890 32 45 678 9 3 567 3 21 32 4567 
0 2 2 [9] 12 78 90 567 [5] 4 567 890 32 45 678 9 3 567 3 21 32 4567 
0 2 2 [5] 12 78 90 567 9 [4] 567 890 32 45 678 9 3 567 3 21 32 4567 
0 2 2 [4] 12 78 90 567 9 5 [567] 890 32 45 678 9 3 567 3 21 32 4567 
0 2 2 [4] 12 78 90 567 9 5 567 [890] 32 45 678 9 3 567 3 21 32 4567 
0 2 2 [4] 12 78 90 567 9 5 567 890 [32] 45 678 9 3 567 3 21 32 4567 
0 2 2 [4] 12 78 90 567 9 5 567 890 32 [45] 678 9 3 567 3 21 32 4567 
0 2 2 [4] 12 78 90 567 9 5 567 890 32 45 [678] 9 3 567 3 21 32 4567 
0 2 2 [4] 12 78 90 567 9 5 567 890 32 45 678 [9] 3 567 3 21 32 4567 
0 2 2 [4] 12 78 90 567 9 5 567 890 32 45 678 9 [3] 567 3 21 32 4567 
0 2 2 [3] 12 78 90 567 9 5 567 890 32 45 678 9 4 [567] 3 21 32 4567 
0 2 2 [3] 12 78 90 567 9 5 567 890 32 45 678 9 4 567 [3] 21 32 4567 
0 2 2 [3] 12 78 90 567 9 5 567 890 32 45 678 9 4 567 3 [21] 32 4567 
0 2 2 [3] 12 78 90 567 9 5 567 890 32 45 678 9 4 567 3 21 [32] 4567 
0 2 2 [3] 12 78 90 567 9 5 567 890 32 45 678 9 4 567 3 21 32 [4567] 
-------------------------------------
Pass = 4
-------------------------------------
0 2 2 3 [12] [78] 90 567 9 5 567 890 32 45 678 9 4 567 3 21 32 4567 
0 2 2 3 [12] 78 [90] 567 9 5 567 890 32 45 678 9 4 567 3 21 32 4567 
0 2 2 3 [12] 78 90 [567] 9 5 567 890 32 45 678 9 4 567 3 21 32 4567 
0 2 2 3 [12] 78 90 567 [9] 5 567 890 32 45 678 9 4 567 3 21 32 4567 
0 2 2 3 [9] 78 90 567 12 [5] 567 890 32 45 678 9 4 567 3 21 32 4567 
0 2 2 3 [5] 78 90 567 12 9 [567] 890 32 45 678 9 4 567 3 21 32 4567 
0 2 2 3 [5] 78 90 567 12 9 567 [890] 32 45 678 9 4 567 3 21 32 4567 
0 2 2 3 [5] 78 90 567 12 9 567 890 [32] 45 678 9 4 567 3 21 32 4567 
0 2 2 3 [5] 78 90 567 12 9 567 890 32 [45] 678 9 4 567 3 21 32 4567 
0 2 2 3 [5] 78 90 567 12 9 567 890 32 45 [678] 9 4 567 3 21 32 4567 
0 2 2 3 [5] 78 90 567 12 9 567 890 32 45 678 [9] 4 567 3 21 32 4567 
0 2 2 3 [5] 78 90 567 12 9 567 890 32 45 678 9 [4] 567 3 21 32 4567 
0 2 2 3 [4] 78 90 567 12 9 567 890 32 45 678 9 5 [567] 3 21 32 4567 
0 2 2 3 [4] 78 90 567 12 9 567 890 32 45 678 9 5 567 [3] 21 32 4567 
0 2 2 3 [3] 78 90 567 12 9 567 890 32 45 678 9 5 567 4 [21] 32 4567 
0 2 2 3 [3] 78 90 567 12 9 567 890 32 45 678 9 5 567 4 21 [32] 4567 
0 2 2 3 [3] 78 90 567 12 9 567 890 32 45 678 9 5 567 4 21 32 [4567] 
-------------------------------------
Pass = 5
-------------------------------------
0 2 2 3 3 [78] [90] 567 12 9 567 890 32 45 678 9 5 567 4 21 32 4567 
0 2 2 3 3 [78] 90 [567] 12 9 567 890 32 45 678 9 5 567 4 21 32 4567 
0 2 2 3 3 [78] 90 567 [12] 9 567 890 32 45 678 9 5 567 4 21 32 4567 
0 2 2 3 3 [12] 90 567 78 [9] 567 890 32 45 678 9 5 567 4 21 32 4567 
0 2 2 3 3 [9] 90 567 78 12 [567] 890 32 45 678 9 5 567 4 21 32 4567 
0 2 2 3 3 [9] 90 567 78 12 567 [890] 32 45 678 9 5 567 4 21 32 4567 
0 2 2 3 3 [9] 90 567 78 12 567 890 [32] 45 678 9 5 567 4 21 32 4567 
0 2 2 3 3 [9] 90 567 78 12 567 890 32 [45] 678 9 5 567 4 21 32 4567 
0 2 2 3 3 [9] 90 567 78 12 567 890 32 45 [678] 9 5 567 4 21 32 4567 
0 2 2 3 3 [9] 90 567 78 12 567 890 32 45 678 [9] 5 567 4 21 32 4567 
0 2 2 3 3 [9] 90 567 78 12 567 890 32 45 678 9 [5] 567 4 21 32 4567 
0 2 2 3 3 [5] 90 567 78 12 567 890 32 45 678 9 9 [567] 4 21 32 4567 
0 2 2 3 3 [5] 90 567 78 12 567 890 32 45 678 9 9 567 [4] 21 32 4567 
0 2 2 3 3 [4] 90 567 78 12 567 890 32 45 678 9 9 567 5 [21] 32 4567 
0 2 2 3 3 [4] 90 567 78 12 567 890 32 45 678 9 9 567 5 21 [32] 4567 
0 2 2 3 3 [4] 90 567 78 12 567 890 32 45 678 9 9 567 5 21 32 [4567] 
-------------------------------------
Pass = 6
-------------------------------------
0 2 2 3 3 4 [90] [567] 78 12 567 890 32 45 678 9 9 567 5 21 32 4567 
0 2 2 3 3 4 [90] 567 [78] 12 567 890 32 45 678 9 9 567 5 21 32 4567 
0 2 2 3 3 4 [78] 567 90 [12] 567 890 32 45 678 9 9 567 5 21 32 4567 
0 2 2 3 3 4 [12] 567 90 78 [567] 890 32 45 678 9 9 567 5 21 32 4567 
0 2 2 3 3 4 [12] 567 90 78 567 [890] 32 45 678 9 9 567 5 21 32 4567 
0 2 2 3 3 4 [12] 567 90 78 567 890 [32] 45 678 9 9 567 5 21 32 4567 
0 2 2 3 3 4 [12] 567 90 78 567 890 32 [45] 678 9 9 567 5 21 32 4567 
0 2 2 3 3 4 [12] 567 90 78 567 890 32 45 [678] 9 9 567 5 21 32 4567 
0 2 2 3 3 4 [12] 567 90 78 567 890 32 45 678 [9] 9 567 5 21 32 4567 
0 2 2 3 3 4 [9] 567 90 78 567 890 32 45 678 12 [9] 567 5 21 32 4567 
0 2 2 3 3 4 [9] 567 90 78 567 890 32 45 678 12 9 [567] 5 21 32 4567 
0 2 2 3 3 4 [9] 567 90 78 567 890 32 45 678 12 9 567 [5] 21 32 4567 
0 2 2 3 3 4 [5] 567 90 78 567 890 32 45 678 12 9 567 9 [21] 32 4567 
0 2 2 3 3 4 [5] 567 90 78 567 890 32 45 678 12 9 567 9 21 [32] 4567 
0 2 2 3 3 4 [5] 567 90 78 567 890 32 45 678 12 9 567 9 21 32 [4567] 
-------------------------------------
Pass = 7
-------------------------------------
0 2 2 3 3 4 5 [567] [90] 78 567 890 32 45 678 12 9 567 9 21 32 4567 
0 2 2 3 3 4 5 [90] 567 [78] 567 890 32 45 678 12 9 567 9 21 32 4567 
0 2 2 3 3 4 5 [78] 567 90 [567] 890 32 45 678 12 9 567 9 21 32 4567 
0 2 2 3 3 4 5 [78] 567 90 567 [890] 32 45 678 12 9 567 9 21 32 4567 
0 2 2 3 3 4 5 [78] 567 90 567 890 [32] 45 678 12 9 567 9 21 32 4567 
0 2 2 3 3 4 5 [32] 567 90 567 890 78 [45] 678 12 9 567 9 21 32 4567 
0 2 2 3 3 4 5 [32] 567 90 567 890 78 45 [678] 12 9 567 9 21 32 4567 
0 2 2 3 3 4 5 [32] 567 90 567 890 78 45 678 [12] 9 567 9 21 32 4567 
0 2 2 3 3 4 5 [12] 567 90 567 890 78 45 678 32 [9] 567 9 21 32 4567 
0 2 2 3 3 4 5 [9] 567 90 567 890 78 45 678 32 12 [567] 9 21 32 4567 
0 2 2 3 3 4 5 [9] 567 90 567 890 78 45 678 32 12 567 [9] 21 32 4567 
0 2 2 3 3 4 5 [9] 567 90 567 890 78 45 678 32 12 567 9 [21] 32 4567 
0 2 2 3 3 4 5 [9] 567 90 567 890 78 45 678 32 12 567 9 21 [32] 4567 
0 2 2 3 3 4 5 [9] 567 90 567 890 78 45 678 32 12 567 9 21 32 [4567] 
-------------------------------------
Pass = 8
-------------------------------------
0 2 2 3 3 4 5 9 [567] [90] 567 890 78 45 678 32 12 567 9 21 32 4567 
0 2 2 3 3 4 5 9 [90] 567 [567] 890 78 45 678 32 12 567 9 21 32 4567 
0 2 2 3 3 4 5 9 [90] 567 567 [890] 78 45 678 32 12 567 9 21 32 4567 
0 2 2 3 3 4 5 9 [90] 567 567 890 [78] 45 678 32 12 567 9 21 32 4567 
0 2 2 3 3 4 5 9 [78] 567 567 890 90 [45] 678 32 12 567 9 21 32 4567 
0 2 2 3 3 4 5 9 [45] 567 567 890 90 78 [678] 32 12 567 9 21 32 4567 
0 2 2 3 3 4 5 9 [45] 567 567 890 90 78 678 [32] 12 567 9 21 32 4567 
0 2 2 3 3 4 5 9 [32] 567 567 890 90 78 678 45 [12] 567 9 21 32 4567 
0 2 2 3 3 4 5 9 [12] 567 567 890 90 78 678 45 32 [567] 9 21 32 4567 
0 2 2 3 3 4 5 9 [12] 567 567 890 90 78 678 45 32 567 [9] 21 32 4567 
0 2 2 3 3 4 5 9 [9] 567 567 890 90 78 678 45 32 567 12 [21] 32 4567 
0 2 2 3 3 4 5 9 [9] 567 567 890 90 78 678 45 32 567 12 21 [32] 4567 
0 2 2 3 3 4 5 9 [9] 567 567 890 90 78 678 45 32 567 12 21 32 [4567] 
-------------------------------------
Pass = 9
-------------------------------------
0 2 2 3 3 4 5 9 9 [567] [567] 890 90 78 678 45 32 567 12 21 32 4567 
0 2 2 3 3 4 5 9 9 [567] 567 [890] 90 78 678 45 32 567 12 21 32 4567 
0 2 2 3 3 4 5 9 9 [567] 567 890 [90] 78 678 45 32 567 12 21 32 4567 
0 2 2 3 3 4 5 9 9 [90] 567 890 567 [78] 678 45 32 567 12 21 32 4567 
0 2 2 3 3 4 5 9 9 [78] 567 890 567 90 [678] 45 32 567 12 21 32 4567 
0 2 2 3 3 4 5 9 9 [78] 567 890 567 90 678 [45] 32 567 12 21 32 4567 
0 2 2 3 3 4 5 9 9 [45] 567 890 567 90 678 78 [32] 567 12 21 32 4567 
0 2 2 3 3 4 5 9 9 [32] 567 890 567 90 678 78 45 [567] 12 21 32 4567 
0 2 2 3 3 4 5 9 9 [32] 567 890 567 90 678 78 45 567 [12] 21 32 4567 
0 2 2 3 3 4 5 9 9 [12] 567 890 567 90 678 78 45 567 32 [21] 32 4567 
0 2 2 3 3 4 5 9 9 [12] 567 890 567 90 678 78 45 567 32 21 [32] 4567 
0 2 2 3 3 4 5 9 9 [12] 567 890 567 90 678 78 45 567 32 21 32 [4567] 
-------------------------------------
Pass = 10
-------------------------------------
0 2 2 3 3 4 5 9 9 12 [567] [890] 567 90 678 78 45 567 32 21 32 4567 
0 2 2 3 3 4 5 9 9 12 [567] 890 [567] 90 678 78 45 567 32 21 32 4567 
0 2 2 3 3 4 5 9 9 12 [567] 890 567 [90] 678 78 45 567 32 21 32 4567 
0 2 2 3 3 4 5 9 9 12 [90] 890 567 567 [678] 78 45 567 32 21 32 4567 
0 2 2 3 3 4 5 9 9 12 [90] 890 567 567 678 [78] 45 567 32 21 32 4567 
0 2 2 3 3 4 5 9 9 12 [78] 890 567 567 678 90 [45] 567 32 21 32 4567 
0 2 2 3 3 4 5 9 9 12 [45] 890 567 567 678 90 78 [567] 32 21 32 4567 
0 2 2 3 3 4 5 9 9 12 [45] 890 567 567 678 90 78 567 [32] 21 32 4567 
0 2 2 3 3 4 5 9 9 12 [32] 890 567 567 678 90 78 567 45 [21] 32 4567 
0 2 2 3 3 4 5 9 9 12 [21] 890 567 567 678 90 78 567 45 32 [32] 4567 
0 2 2 3 3 4 5 9 9 12 [21] 890 567 567 678 90 78 567 45 32 32 [4567] 
-------------------------------------
Pass = 11
-------------------------------------
0 2 2 3 3 4 5 9 9 12 21 [890] [567] 567 678 90 78 567 45 32 32 4567 
0 2 2 3 3 4 5 9 9 12 21 [567] 890 [567] 678 90 78 567 45 32 32 4567 
0 2 2 3 3 4 5 9 9 12 21 [567] 890 567 [678] 90 78 567 45 32 32 4567 
0 2 2 3 3 4 5 9 9 12 21 [567] 890 567 678 [90] 78 567 45 32 32 4567 
0 2 2 3 3 4 5 9 9 12 21 [90] 890 567 678 567 [78] 567 45 32 32 4567 
0 2 2 3 3 4 5 9 9 12 21 [78] 890 567 678 567 90 [567] 45 32 32 4567 
0 2 2 3 3 4 5 9 9 12 21 [78] 890 567 678 567 90 567 [45] 32 32 4567 
0 2 2 3 3 4 5 9 9 12 21 [45] 890 567 678 567 90 567 78 [32] 32 4567 
0 2 2 3 3 4 5 9 9 12 21 [32] 890 567 678 567 90 567 78 45 [32] 4567 
0 2 2 3 3 4 5 9 9 12 21 [32] 890 567 678 567 90 567 78 45 32 [4567] 
-------------------------------------
Pass = 12
-------------------------------------
0 2 2 3 3 4 5 9 9 12 21 32 [890] [567] 678 567 90 567 78 45 32 4567 
0 2 2 3 3 4 5 9 9 12 21 32 [567] 890 [678] 567 90 567 78 45 32 4567 
0 2 2 3 3 4 5 9 9 12 21 32 [567] 890 678 [567] 90 567 78 45 32 4567 
0 2 2 3 3 4 5 9 9 12 21 32 [567] 890 678 567 [90] 567 78 45 32 4567 
0 2 2 3 3 4 5 9 9 12 21 32 [90] 890 678 567 567 [567] 78 45 32 4567 
0 2 2 3 3 4 5 9 9 12 21 32 [90] 890 678 567 567 567 [78] 45 32 4567 
0 2 2 3 3 4 5 9 9 12 21 32 [78] 890 678 567 567 567 90 [45] 32 4567 
0 2 2 3 3 4 5 9 9 12 21 32 [45] 890 678 567 567 567 90 78 [32] 4567 
0 2 2 3 3 4 5 9 9 12 21 32 [32] 890 678 567 567 567 90 78 45 [4567] 
-------------------------------------
Pass = 13
-------------------------------------
0 2 2 3 3 4 5 9 9 12 21 32 32 [890] [678] 567 567 567 90 78 45 4567 
0 2 2 3 3 4 5 9 9 12 21 32 32 [678] 890 [567] 567 567 90 78 45 4567 
0 2 2 3 3 4 5 9 9 12 21 32 32 [567] 890 678 [567] 567 90 78 45 4567 
0 2 2 3 3 4 5 9 9 12 21 32 32 [567] 890 678 567 [567] 90 78 45 4567 
0 2 2 3 3 4 5 9 9 12 21 32 32 [567] 890 678 567 567 [90] 78 45 4567 
0 2 2 3 3 4 5 9 9 12 21 32 32 [90] 890 678 567 567 567 [78] 45 4567 
0 2 2 3 3 4 5 9 9 12 21 32 32 [78] 890 678 567 567 567 90 [45] 4567 
0 2 2 3 3 4 5 9 9 12 21 32 32 [45] 890 678 567 567 567 90 78 [4567] 
-------------------------------------
Pass = 14
-------------------------------------
0 2 2 3 3 4 5 9 9 12 21 32 32 45 [890] [678] 567 567 567 90 78 4567 
0 2 2 3 3 4 5 9 9 12 21 32 32 45 [678] 890 [567] 567 567 90 78 4567 
0 2 2 3 3 4 5 9 9 12 21 32 32 45 [567] 890 678 [567] 567 90 78 4567 
0 2 2 3 3 4 5 9 9 12 21 32 32 45 [567] 890 678 567 [567] 90 78 4567 
0 2 2 3 3 4 5 9 9 12 21 32 32 45 [567] 890 678 567 567 [90] 78 4567 
0 2 2 3 3 4 5 9 9 12 21 32 32 45 [90] 890 678 567 567 567 [78] 4567 
0 2 2 3 3 4 5 9 9 12 21 32 32 45 [78] 890 678 567 567 567 90 [4567] 
-------------------------------------
Pass = 15
-------------------------------------
0 2 2 3 3 4 5 9 9 12 21 32 32 45 78 [890] [678] 567 567 567 90 4567 
0 2 2 3 3 4 5 9 9 12 21 32 32 45 78 [678] 890 [567] 567 567 90 4567 
0 2 2 3 3 4 5 9 9 12 21 32 32 45 78 [567] 890 678 [567] 567 90 4567 
0 2 2 3 3 4 5 9 9 12 21 32 32 45 78 [567] 890 678 567 [567] 90 4567 
0 2 2 3 3 4 5 9 9 12 21 32 32 45 78 [567] 890 678 567 567 [90] 4567 
0 2 2 3 3 4 5 9 9 12 21 32 32 45 78 [90] 890 678 567 567 567 [4567] 
-------------------------------------
Pass = 16
-------------------------------------
0 2 2 3 3 4 5 9 9 12 21 32 32 45 78 90 [890] [678] 567 567 567 4567 
0 2 2 3 3 4 5 9 9 12 21 32 32 45 78 90 [678] 890 [567] 567 567 4567 
0 2 2 3 3 4 5 9 9 12 21 32 32 45 78 90 [567] 890 678 [567] 567 4567 
0 2 2 3 3 4 5 9 9 12 21 32 32 45 78 90 [567] 890 678 567 [567] 4567 
0 2 2 3 3 4 5 9 9 12 21 32 32 45 78 90 [567] 890 678 567 567 [4567] 
-------------------------------------
Pass = 17
-------------------------------------
0 2 2 3 3 4 5 9 9 12 21 32 32 45 78 90 567 [890] [678] 567 567 4567 
0 2 2 3 3 4 5 9 9 12 21 32 32 45 78 90 567 [678] 890 [567] 567 4567 
0 2 2 3 3 4 5 9 9 12 21 32 32 45 78 90 567 [567] 890 678 [567] 4567 
0 2 2 3 3 4 5 9 9 12 21 32 32 45 78 90 567 [567] 890 678 567 [4567] 
-------------------------------------
Pass = 18
-------------------------------------
0 2 2 3 3 4 5 9 9 12 21 32 32 45 78 90 567 567 [890] [678] 567 4567 
0 2 2 3 3 4 5 9 9 12 21 32 32 45 78 90 567 567 [678] 890 [567] 4567 
0 2 2 3 3 4 5 9 9 12 21 32 32 45 78 90 567 567 [567] 890 678 [4567] 
-------------------------------------
Pass = 19
-------------------------------------
0 2 2 3 3 4 5 9 9 12 21 32 32 45 78 90 567 567 567 [890] [678] 4567 
0 2 2 3 3 4 5 9 9 12 21 32 32 45 78 90 567 567 567 [678] 890 [4567] 
-------------------------------------
Pass = 20
-------------------------------------
0 2 2 3 3 4 5 9 9 12 21 32 32 45 78 90 567 567 567 678 [890] [4567] 
-------------------------------------
0 2 2 3 3 4 5 9 9 12 21 32 32 45 78 90 567 567 567 678 890 4567 
-------------------------------------
-------------------------------------
Pass = 0
-------------------------------------
[0] [2] 2 3 3 4 5 9 9 12 21 32 32 45 78 90 567 567 567 678 890 4567 
[2] 0 [2] 3 3 4 5 9 9 12 21 32 32 45 78 90 567 567 567 678 890 4567 
[2] 0 2 [3] 3 4 5 9 9 12 21 32 32 45 78 90 567 567 567 678 890 4567 
[3] 0 2 2 [3] 4 5 9 9 12 21 32 32 45 78 90 567 567 567 678 890 4567 
[3] 0 2 2 3 [4] 5 9 9 12 21 32 32 45 78 90 567 567 567 678 890 4567 
[4] 0 2 2 3 3 [5] 9 9 12 21 32 32 45 78 90 567 567 567 678 890 4567 
[5] 0 2 2 3 3 4 [9] 9 12 21 32 32 45 78 90 567 567 567 678 890 4567 
[9] 0 2 2 3 3 4 5 [9] 12 21 32 32 45 78 90 567 567 567 678 890 4567 
[9] 0 2 2 3 3 4 5 9 [12] 21 32 32 45 78 90 567 567 567 678 890 4567 
[12] 0 2 2 3 3 4 5 9 9 [21] 32 32 45 78 90 567 567 567 678 890 4567 
[21] 0 2 2 3 3 4 5 9 9 12 [32] 32 45 78 90 567 567 567 678 890 4567 
[32] 0 2 2 3 3 4 5 9 9 12 21 [32] 45 78 90 567 567 567 678 890 4567 
[32] 0 2 2 3 3 4 5 9 9 12 21 32 [45] 78 90 567 567 567 678 890 4567 
[45] 0 2 2 3 3 4 5 9 9 12 21 32 32 [78] 90 567 567 567 678 890 4567 
[78] 0 2 2 3 3 4 5 9 9 12 21 32 32 45 [90] 567 567 567 678 890 4567 
[90] 0 2 2 3 3 4 5 9 9 12 21 32 32 45 78 [567] 567 567 678 890 4567 
[567] 0 2 2 3 3 4 5 9 9 12 21 32 32 45 78 90 [567] 567 678 890 4567 
[567] 0 2 2 3 3 4 5 9 9 12 21 32 32 45 78 90 567 [567] 678 890 4567 
[567] 0 2 2 3 3 4 5 9 9 12 21 32 32 45 78 90 567 567 [678] 890 4567 
[678] 0 2 2 3 3 4 5 9 9 12 21 32 32 45 78 90 567 567 567 [890] 4567 
[890] 0 2 2 3 3 4 5 9 9 12 21 32 32 45 78 90 567 567 567 678 [4567] 
-------------------------------------
Pass = 1
-------------------------------------
4567 [0] [2] 2 3 3 4 5 9 9 12 21 32 32 45 78 90 567 567 567 678 890 
4567 [2] 0 [2] 3 3 4 5 9 9 12 21 32 32 45 78 90 567 567 567 678 890 
4567 [2] 0 2 [3] 3 4 5 9 9 12 21 32 32 45 78 90 567 567 567 678 890 
4567 [3] 0 2 2 [3] 4 5 9 9 12 21 32 32 45 78 90 567 567 567 678 890 
4567 [3] 0 2 2 3 [4] 5 9 9 12 21 32 32 45 78 90 567 567 567 678 890 
4567 [4] 0 2 2 3 3 [5] 9 9 12 21 32 32 45 78 90 567 567 567 678 890 
4567 [5] 0 2 2 3 3 4 [9] 9 12 21 32 32 45 78 90 567 567 567 678 890 
4567 [9] 0 2 2 3 3 4 5 [9] 12 21 32 32 45 78 90 567 567 567 678 890 
4567 [9] 0 2 2 3 3 4 5 9 [12] 21 32 32 45 78 90 567 567 567 678 890 
4567 [12] 0 2 2 3 3 4 5 9 9 [21] 32 32 45 78 90 567 567 567 678 890 
4567 [21] 0 2 2 3 3 4 5 9 9 12 [32] 32 45 78 90 567 567 567 678 890 
4567 [32] 0 2 2 3 3 4 5 9 9 12 21 [32] 45 78 90 567 567 567 678 890 
4567 [32] 0 2 2 3 3 4 5 9 9 12 21 32 [45] 78 90 567 567 567 678 890 
4567 [45] 0 2 2 3 3 4 5 9 9 12 21 32 32 [78] 90 567 567 567 678 890 
4567 [78] 0 2 2 3 3 4 5 9 9 12 21 32 32 45 [90] 567 567 567 678 890 
4567 [90] 0 2 2 3 3 4 5 9 9 12 21 32 32 45 78 [567] 567 567 678 890 
4567 [567] 0 2 2 3 3 4 5 9 9 12 21 32 32 45 78 90 [567] 567 678 890 
4567 [567] 0 2 2 3 3 4 5 9 9 12 21 32 32 45 78 90 567 [567] 678 890 
4567 [567] 0 2 2 3 3 4 5 9 9 12 21 32 32 45 78 90 567 567 [678] 890 
4567 [678] 0 2 2 3 3 4 5 9 9 12 21 32 32 45 78 90 567 567 567 [890] 
-------------------------------------
Pass = 2
-------------------------------------
4567 890 [0] [2] 2 3 3 4 5 9 9 12 21 32 32 45 78 90 567 567 567 678 
4567 890 [2] 0 [2] 3 3 4 5 9 9 12 21 32 32 45 78 90 567 567 567 678 
4567 890 [2] 0 2 [3] 3 4 5 9 9 12 21 32 32 45 78 90 567 567 567 678 
4567 890 [3] 0 2 2 [3] 4 5 9 9 12 21 32 32 45 78 90 567 567 567 678 
4567 890 [3] 0 2 2 3 [4] 5 9 9 12 21 32 32 45 78 90 567 567 567 678 
4567 890 [4] 0 2 2 3 3 [5] 9 9 12 21 32 32 45 78 90 567 567 567 678 
4567 890 [5] 0 2 2 3 3 4 [9] 9 12 21 32 32 45 78 90 567 567 567 678 
4567 890 [9] 0 2 2 3 3 4 5 [9] 12 21 32 32 45 78 90 567 567 567 678 
4567 890 [9] 0 2 2 3 3 4 5 9 [12] 21 32 32 45 78 90 567 567 567 678 
4567 890 [12] 0 2 2 3 3 4 5 9 9 [21] 32 32 45 78 90 567 567 567 678 
4567 890 [21] 0 2 2 3 3 4 5 9 9 12 [32] 32 45 78 90 567 567 567 678 
4567 890 [32] 0 2 2 3 3 4 5 9 9 12 21 [32] 45 78 90 567 567 567 678 
4567 890 [32] 0 2 2 3 3 4 5 9 9 12 21 32 [45] 78 90 567 567 567 678 
4567 890 [45] 0 2 2 3 3 4 5 9 9 12 21 32 32 [78] 90 567 567 567 678 
4567 890 [78] 0 2 2 3 3 4 5 9 9 12 21 32 32 45 [90] 567 567 567 678 
4567 890 [90] 0 2 2 3 3 4 5 9 9 12 21 32 32 45 78 [567] 567 567 678 
4567 890 [567] 0 2 2 3 3 4 5 9 9 12 21 32 32 45 78 90 [567] 567 678 
4567 890 [567] 0 2 2 3 3 4 5 9 9 12 21 32 32 45 78 90 567 [567] 678 
4567 890 [567] 0 2 2 3 3 4 5 9 9 12 21 32 32 45 78 90 567 567 [678] 
-------------------------------------
Pass = 3
-------------------------------------
4567 890 678 [0] [2] 2 3 3 4 5 9 9 12 21 32 32 45 78 90 567 567 567 
4567 890 678 [2] 0 [2] 3 3 4 5 9 9 12 21 32 32 45 78 90 567 567 567 
4567 890 678 [2] 0 2 [3] 3 4 5 9 9 12 21 32 32 45 78 90 567 567 567 
4567 890 678 [3] 0 2 2 [3] 4 5 9 9 12 21 32 32 45 78 90 567 567 567 
4567 890 678 [3] 0 2 2 3 [4] 5 9 9 12 21 32 32 45 78 90 567 567 567 
4567 890 678 [4] 0 2 2 3 3 [5] 9 9 12 21 32 32 45 78 90 567 567 567 
4567 890 678 [5] 0 2 2 3 3 4 [9] 9 12 21 32 32 45 78 90 567 567 567 
4567 890 678 [9] 0 2 2 3 3 4 5 [9] 12 21 32 32 45 78 90 567 567 567 
4567 890 678 [9] 0 2 2 3 3 4 5 9 [12] 21 32 32 45 78 90 567 567 567 
4567 890 678 [12] 0 2 2 3 3 4 5 9 9 [21] 32 32 45 78 90 567 567 567 
4567 890 678 [21] 0 2 2 3 3 4 5 9 9 12 [32] 32 45 78 90 567 567 567 
4567 890 678 [32] 0 2 2 3 3 4 5 9 9 12 21 [32] 45 78 90 567 567 567 
4567 890 678 [32] 0 2 2 3 3 4 5 9 9 12 21 32 [45] 78 90 567 567 567 
4567 890 678 [45] 0 2 2 3 3 4 5 9 9 12 21 32 32 [78] 90 567 567 567 
4567 890 678 [78] 0 2 2 3 3 4 5 9 9 12 21 32 32 45 [90] 567 567 567 
4567 890 678 [90] 0 2 2 3 3 4 5 9 9 12 21 32 32 45 78 [567] 567 567 
4567 890 678 [567] 0 2 2 3 3 4 5 9 9 12 21 32 32 45 78 90 [567] 567 
4567 890 678 [567] 0 2 2 3 3 4 5 9 9 12 21 32 32 45 78 90 567 [567] 
-------------------------------------
Pass = 4
-------------------------------------
4567 890 678 567 [0] [2] 2 3 3 4 5 9 9 12 21 32 32 45 78 90 567 567 
4567 890 678 567 [2] 0 [2] 3 3 4 5 9 9 12 21 32 32 45 78 90 567 567 
4567 890 678 567 [2] 0 2 [3] 3 4 5 9 9 12 21 32 32 45 78 90 567 567 
4567 890 678 567 [3] 0 2 2 [3] 4 5 9 9 12 21 32 32 45 78 90 567 567 
4567 890 678 567 [3] 0 2 2 3 [4] 5 9 9 12 21 32 32 45 78 90 567 567 
4567 890 678 567 [4] 0 2 2 3 3 [5] 9 9 12 21 32 32 45 78 90 567 567 
4567 890 678 567 [5] 0 2 2 3 3 4 [9] 9 12 21 32 32 45 78 90 567 567 
4567 890 678 567 [9] 0 2 2 3 3 4 5 [9] 12 21 32 32 45 78 90 567 567 
4567 890 678 567 [9] 0 2 2 3 3 4 5 9 [12] 21 32 32 45 78 90 567 567 
4567 890 678 567 [12] 0 2 2 3 3 4 5 9 9 [21] 32 32 45 78 90 567 567 
4567 890 678 567 [21] 0 2 2 3 3 4 5 9 9 12 [32] 32 45 78 90 567 567 
4567 890 678 567 [32] 0 2 2 3 3 4 5 9 9 12 21 [32] 45 78 90 567 567 
4567 890 678 567 [32] 0 2 2 3 3 4 5 9 9 12 21 32 [45] 78 90 567 567 
4567 890 678 567 [45] 0 2 2 3 3 4 5 9 9 12 21 32 32 [78] 90 567 567 
4567 890 678 567 [78] 0 2 2 3 3 4 5 9 9 12 21 32 32 45 [90] 567 567 
4567 890 678 567 [90] 0 2 2 3 3 4 5 9 9 12 21 32 32 45 78 [567] 567 
4567 890 678 567 [567] 0 2 2 3 3 4 5 9 9 12 21 32 32 45 78 90 [567] 
-------------------------------------
Pass = 5
-------------------------------------
4567 890 678 567 567 [0] [2] 2 3 3 4 5 9 9 12 21 32 32 45 78 90 567 
4567 890 678 567 567 [2] 0 [2] 3 3 4 5 9 9 12 21 32 32 45 78 90 567 
4567 890 678 567 567 [2] 0 2 [3] 3 4 5 9 9 12 21 32 32 45 78 90 567 
4567 890 678 567 567 [3] 0 2 2 [3] 4 5 9 9 12 21 32 32 45 78 90 567 
4567 890 678 567 567 [3] 0 2 2 3 [4] 5 9 9 12 21 32 32 45 78 90 567 
4567 890 678 567 567 [4] 0 2 2 3 3 [5] 9 9 12 21 32 32 45 78 90 567 
4567 890 678 567 567 [5] 0 2 2 3 3 4 [9] 9 12 21 32 32 45 78 90 567 
4567 890 678 567 567 [9] 0 2 2 3 3 4 5 [9] 12 21 32 32 45 78 90 567 
4567 890 678 567 567 [9] 0 2 2 3 3 4 5 9 [12] 21 32 32 45 78 90 567 
4567 890 678 567 567 [12] 0 2 2 3 3 4 5 9 9 [21] 32 32 45 78 90 567 
4567 890 678 567 567 [21] 0 2 2 3 3 4 5 9 9 12 [32] 32 45 78 90 567 
4567 890 678 567 567 [32] 0 2 2 3 3 4 5 9 9 12 21 [32] 45 78 90 567 
4567 890 678 567 567 [32] 0 2 2 3 3 4 5 9 9 12 21 32 [45] 78 90 567 
4567 890 678 567 567 [45] 0 2 2 3 3 4 5 9 9 12 21 32 32 [78] 90 567 
4567 890 678 567 567 [78] 0 2 2 3 3 4 5 9 9 12 21 32 32 45 [90] 567 
4567 890 678 567 567 [90] 0 2 2 3 3 4 5 9 9 12 21 32 32 45 78 [567] 
-------------------------------------
Pass = 6
-------------------------------------
4567 890 678 567 567 567 [0] [2] 2 3 3 4 5 9 9 12 21 32 32 45 78 90 
4567 890 678 567 567 567 [2] 0 [2] 3 3 4 5 9 9 12 21 32 32 45 78 90 
4567 890 678 567 567 567 [2] 0 2 [3] 3 4 5 9 9 12 21 32 32 45 78 90 
4567 890 678 567 567 567 [3] 0 2 2 [3] 4 5 9 9 12 21 32 32 45 78 90 
4567 890 678 567 567 567 [3] 0 2 2 3 [4] 5 9 9 12 21 32 32 45 78 90 
4567 890 678 567 567 567 [4] 0 2 2 3 3 [5] 9 9 12 21 32 32 45 78 90 
4567 890 678 567 567 567 [5] 0 2 2 3 3 4 [9] 9 12 21 32 32 45 78 90 
4567 890 678 567 567 567 [9] 0 2 2 3 3 4 5 [9] 12 21 32 32 45 78 90 
4567 890 678 567 567 567 [9] 0 2 2 3 3 4 5 9 [12] 21 32 32 45 78 90 
4567 890 678 567 567 567 [12] 0 2 2 3 3 4 5 9 9 [21] 32 32 45 78 90 
4567 890 678 567 567 567 [21] 0 2 2 3 3 4 5 9 9 12 [32] 32 45 78 90 
4567 890 678 567 567 567 [32] 0 2 2 3 3 4 5 9 9 12 21 [32] 45 78 90 
4567 890 678 567 567 567 [32] 0 2 2 3 3 4 5 9 9 12 21 32 [45] 78 90 
4567 890 678 567 567 567 [45] 0 2 2 3 3 4 5 9 9 12 21 32 32 [78] 90 
4567 890 678 567 567 567 [78] 0 2 2 3 3 4 5 9 9 12 21 32 32 45 [90] 
-------------------------------------
Pass = 7
-------------------------------------
4567 890 678 567 567 567 90 [0] [2] 2 3 3 4 5 9 9 12 21 32 32 45 78 
4567 890 678 567 567 567 90 [2] 0 [2] 3 3 4 5 9 9 12 21 32 32 45 78 
4567 890 678 567 567 567 90 [2] 0 2 [3] 3 4 5 9 9 12 21 32 32 45 78 
4567 890 678 567 567 567 90 [3] 0 2 2 [3] 4 5 9 9 12 21 32 32 45 78 
4567 890 678 567 567 567 90 [3] 0 2 2 3 [4] 5 9 9 12 21 32 32 45 78 
4567 890 678 567 567 567 90 [4] 0 2 2 3 3 [5] 9 9 12 21 32 32 45 78 
4567 890 678 567 567 567 90 [5] 0 2 2 3 3 4 [9] 9 12 21 32 32 45 78 
4567 890 678 567 567 567 90 [9] 0 2 2 3 3 4 5 [9] 12 21 32 32 45 78 
4567 890 678 567 567 567 90 [9] 0 2 2 3 3 4 5 9 [12] 21 32 32 45 78 
4567 890 678 567 567 567 90 [12] 0 2 2 3 3 4 5 9 9 [21] 32 32 45 78 
4567 890 678 567 567 567 90 [21] 0 2 2 3 3 4 5 9 9 12 [32] 32 45 78 
4567 890 678 567 567 567 90 [32] 0 2 2 3 3 4 5 9 9 12 21 [32] 45 78 
4567 890 678 567 567 567 90 [32] 0 2 2 3 3 4 5 9 9 12 21 32 [45] 78 
4567 890 678 567 567 567 90 [45] 0 2 2 3 3 4 5 9 9 12 21 32 32 [78] 
-------------------------------------
Pass = 8
-------------------------------------
4567 890 678 567 567 567 90 78 [0] [2] 2 3 3 4 5 9 9 12 21 32 32 45 
4567 890 678 567 567 567 90 78 [2] 0 [2] 3 3 4 5 9 9 12 21 32 32 45 
4567 890 678 567 567 567 90 78 [2] 0 2 [3] 3 4 5 9 9 12 21 32 32 45 
4567 890 678 567 567 567 90 78 [3] 0 2 2 [3] 4 5 9 9 12 21 32 32 45 
4567 890 678 567 567 567 90 78 [3] 0 2 2 3 [4] 5 9 9 12 21 32 32 45 
4567 890 678 567 567 567 90 78 [4] 0 2 2 3 3 [5] 9 9 12 21 32 32 45 
4567 890 678 567 567 567 90 78 [5] 0 2 2 3 3 4 [9] 9 12 21 32 32 45 
4567 890 678 567 567 567 90 78 [9] 0 2 2 3 3 4 5 [9] 12 21 32 32 45 
4567 890 678 567 567 567 90 78 [9] 0 2 2 3 3 4 5 9 [12] 21 32 32 45 
4567 890 678 567 567 567 90 78 [12] 0 2 2 3 3 4 5 9 9 [21] 32 32 45 
4567 890 678 567 567 567 90 78 [21] 0 2 2 3 3 4 5 9 9 12 [32] 32 45 
4567 890 678 567 567 567 90 78 [32] 0 2 2 3 3 4 5 9 9 12 21 [32] 45 
4567 890 678 567 567 567 90 78 [32] 0 2 2 3 3 4 5 9 9 12 21 32 [45] 
-------------------------------------
Pass = 9
-------------------------------------
4567 890 678 567 567 567 90 78 45 [0] [2] 2 3 3 4 5 9 9 12 21 32 32 
4567 890 678 567 567 567 90 78 45 [2] 0 [2] 3 3 4 5 9 9 12 21 32 32 
4567 890 678 567 567 567 90 78 45 [2] 0 2 [3] 3 4 5 9 9 12 21 32 32 
4567 890 678 567 567 567 90 78 45 [3] 0 2 2 [3] 4 5 9 9 12 21 32 32 
4567 890 678 567 567 567 90 78 45 [3] 0 2 2 3 [4] 5 9 9 12 21 32 32 
4567 890 678 567 567 567 90 78 45 [4] 0 2 2 3 3 [5] 9 9 12 21 32 32 
4567 890 678 567 567 567 90 78 45 [5] 0 2 2 3 3 4 [9] 9 12 21 32 32 
4567 890 678 567 567 567 90 78 45 [9] 0 2 2 3 3 4 5 [9] 12 21 32 32 
4567 890 678 567 567 567 90 78 45 [9] 0 2 2 3 3 4 5 9 [12] 21 32 32 
4567 890 678 567 567 567 90 78 45 [12] 0 2 2 3 3 4 5 9 9 [21] 32 32 
4567 890 678 567 567 567 90 78 45 [21] 0 2 2 3 3 4 5 9 9 12 [32] 32 
4567 890 678 567 567 567 90 78 45 [32] 0 2 2 3 3 4 5 9 9 12 21 [32] 
-------------------------------------
Pass = 10
-------------------------------------
4567 890 678 567 567 567 90 78 45 32 [0] [2] 2 3 3 4 5 9 9 12 21 32 
4567 890 678 567 567 567 90 78 45 32 [2] 0 [2] 3 3 4 5 9 9 12 21 32 
4567 890 678 567 567 567 90 78 45 32 [2] 0 2 [3] 3 4 5 9 9 12 21 32 
4567 890 678 567 567 567 90 78 45 32 [3] 0 2 2 [3] 4 5 9 9 12 21 32 
4567 890 678 567 567 567 90 78 45 32 [3] 0 2 2 3 [4] 5 9 9 12 21 32 
4567 890 678 567 567 567 90 78 45 32 [4] 0 2 2 3 3 [5] 9 9 12 21 32 
4567 890 678 567 567 567 90 78 45 32 [5] 0 2 2 3 3 4 [9] 9 12 21 32 
4567 890 678 567 567 567 90 78 45 32 [9] 0 2 2 3 3 4 5 [9] 12 21 32 
4567 890 678 567 567 567 90 78 45 32 [9] 0 2 2 3 3 4 5 9 [12] 21 32 
4567 890 678 567 567 567 90 78 45 32 [12] 0 2 2 3 3 4 5 9 9 [21] 32 
4567 890 678 567 567 567 90 78 45 32 [21] 0 2 2 3 3 4 5 9 9 12 [32] 
-------------------------------------
Pass = 11
-------------------------------------
4567 890 678 567 567 567 90 78 45 32 32 [0] [2] 2 3 3 4 5 9 9 12 21 
4567 890 678 567 567 567 90 78 45 32 32 [2] 0 [2] 3 3 4 5 9 9 12 21 
4567 890 678 567 567 567 90 78 45 32 32 [2] 0 2 [3] 3 4 5 9 9 12 21 
4567 890 678 567 567 567 90 78 45 32 32 [3] 0 2 2 [3] 4 5 9 9 12 21 
4567 890 678 567 567 567 90 78 45 32 32 [3] 0 2 2 3 [4] 5 9 9 12 21 
4567 890 678 567 567 567 90 78 45 32 32 [4] 0 2 2 3 3 [5] 9 9 12 21 
4567 890 678 567 567 567 90 78 45 32 32 [5] 0 2 2 3 3 4 [9] 9 12 21 
4567 890 678 567 567 567 90 78 45 32 32 [9] 0 2 2 3 3 4 5 [9] 12 21 
4567 890 678 567 567 567 90 78 45 32 32 [9] 0 2 2 3 3 4 5 9 [12] 21 
4567 890 678 567 567 567 90 78 45 32 32 [12] 0 2 2 3 3 4 5 9 9 [21] 
-------------------------------------
Pass = 12
-------------------------------------
4567 890 678 567 567 567 90 78 45 32 32 21 [0] [2] 2 3 3 4 5 9 9 12 
4567 890 678 567 567 567 90 78 45 32 32 21 [2] 0 [2] 3 3 4 5 9 9 12 
4567 890 678 567 567 567 90 78 45 32 32 21 [2] 0 2 [3] 3 4 5 9 9 12 
4567 890 678 567 567 567 90 78 45 32 32 21 [3] 0 2 2 [3] 4 5 9 9 12 
4567 890 678 567 567 567 90 78 45 32 32 21 [3] 0 2 2 3 [4] 5 9 9 12 
4567 890 678 567 567 567 90 78 45 32 32 21 [4] 0 2 2 3 3 [5] 9 9 12 
4567 890 678 567 567 567 90 78 45 32 32 21 [5] 0 2 2 3 3 4 [9] 9 12 
4567 890 678 567 567 567 90 78 45 32 32 21 [9] 0 2 2 3 3 4 5 [9] 12 
4567 890 678 567 567 567 90 78 45 32 32 21 [9] 0 2 2 3 3 4 5 9 [12] 
-------------------------------------
Pass = 13
-------------------------------------
4567 890 678 567 567 567 90 78 45 32 32 21 12 [0] [2] 2 3 3 4 5 9 9 
4567 890 678 567 567 567 90 78 45 32 32 21 12 [2] 0 [2] 3 3 4 5 9 9 
4567 890 678 567 567 567 90 78 45 32 32 21 12 [2] 0 2 [3] 3 4 5 9 9 
4567 890 678 567 567 567 90 78 45 32 32 21 12 [3] 0 2 2 [3] 4 5 9 9 
4567 890 678 567 567 567 90 78 45 32 32 21 12 [3] 0 2 2 3 [4] 5 9 9 
4567 890 678 567 567 567 90 78 45 32 32 21 12 [4] 0 2 2 3 3 [5] 9 9 
4567 890 678 567 567 567 90 78 45 32 32 21 12 [5] 0 2 2 3 3 4 [9] 9 
4567 890 678 567 567 567 90 78 45 32 32 21 12 [9] 0 2 2 3 3 4 5 [9] 
-------------------------------------
Pass = 14
-------------------------------------
4567 890 678 567 567 567 90 78 45 32 32 21 12 9 [0] [2] 2 3 3 4 5 9 
4567 890 678 567 567 567 90 78 45 32 32 21 12 9 [2] 0 [2] 3 3 4 5 9 
4567 890 678 567 567 567 90 78 45 32 32 21 12 9 [2] 0 2 [3] 3 4 5 9 
4567 890 678 567 567 567 90 78 45 32 32 21 12 9 [3] 0 2 2 [3] 4 5 9 
4567 890 678 567 567 567 90 78 45 32 32 21 12 9 [3] 0 2 2 3 [4] 5 9 
4567 890 678 567 567 567 90 78 45 32 32 21 12 9 [4] 0 2 2 3 3 [5] 9 
4567 890 678 567 567 567 90 78 45 32 32 21 12 9 [5] 0 2 2 3 3 4 [9] 
-------------------------------------
Pass = 15
-------------------------------------
4567 890 678 567 567 567 90 78 45 32 32 21 12 9 9 [0] [2] 2 3 3 4 5 
4567 890 678 567 567 567 90 78 45 32 32 21 12 9 9 [2] 0 [2] 3 3 4 5 
4567 890 678 567 567 567 90 78 45 32 32 21 12 9 9 [2] 0 2 [3] 3 4 5 
4567 890 678 567 567 567 90 78 45 32 32 21 12 9 9 [3] 0 2 2 [3] 4 5 
4567 890 678 567 567 567 90 78 45 32 32 21 12 9 9 [3] 0 2 2 3 [4] 5 
4567 890 678 567 567 567 90 78 45 32 32 21 12 9 9 [4] 0 2 2 3 3 [5] 
-------------------------------------
Pass = 16
-------------------------------------
4567 890 678 567 567 567 90 78 45 32 32 21 12 9 9 5 [0] [2] 2 3 3 4 
4567 890 678 567 567 567 90 78 45 32 32 21 12 9 9 5 [2] 0 [2] 3 3 4 
4567 890 678 567 567 567 90 78 45 32 32 21 12 9 9 5 [2] 0 2 [3] 3 4 
4567 890 678 567 567 567 90 78 45 32 32 21 12 9 9 5 [3] 0 2 2 [3] 4 
4567 890 678 567 567 567 90 78 45 32 32 21 12 9 9 5 [3] 0 2 2 3 [4] 
-------------------------------------
Pass = 17
-------------------------------------
4567 890 678 567 567 567 90 78 45 32 32 21 12 9 9 5 4 [0] [2] 2 3 3 
4567 890 678 567 567 567 90 78 45 32 32 21 12 9 9 5 4 [2] 0 [2] 3 3 
4567 890 678 567 567 567 90 78 45 32 32 21 12 9 9 5 4 [2] 0 2 [3] 3 
4567 890 678 567 567 567 90 78 45 32 32 21 12 9 9 5 4 [3] 0 2 2 [3] 
-------------------------------------
Pass = 18
-------------------------------------
4567 890 678 567 567 567 90 78 45 32 32 21 12 9 9 5 4 3 [0] [2] 2 3 
4567 890 678 567 567 567 90 78 45 32 32 21 12 9 9 5 4 3 [2] 0 [2] 3 
4567 890 678 567 567 567 90 78 45 32 32 21 12 9 9 5 4 3 [2] 0 2 [3] 
-------------------------------------
Pass = 19
-------------------------------------
4567 890 678 567 567 567 90 78 45 32 32 21 12 9 9 5 4 3 3 [0] [2] 2 
4567 890 678 567 567 567 90 78 45 32 32 21 12 9 9 5 4 3 3 [2] 0 [2] 
-------------------------------------
Pass = 20
-------------------------------------
4567 890 678 567 567 567 90 78 45 32 32 21 12 9 9 5 4 3 3 2 [0] [2] 
-------------------------------------
Pass = 21
-------------------------------------
-------------------------------------
4567 890 678 567 567 567 90 78 45 32 32 21 12 9 9 5 4 3 3 2 2 0 
-------------------------------------
