-------------------------------------
1 100 4 5 2 9 12 78 90 567 3 2 567 890 32 45 678 9 0 567 3 21 32 4567 
-------------------------------------
Pass = 0
1 100 4 5 2 9 12 78 90 567 3 2 567 890 32 45 678 9 0 567 3 21 32 4567 
[1] [100] 4 5 2 9 12 78 90 567 3 2 567 890 32 45 678 9 0 567 3 21 32 4567 
1 [100] [4] 5 2 9 12 78 90 567 3 2 567 890 32 45 678 9 0 567 3 21 32 4567 
1 4 [100] [5] 2 9 12 78 90 567 3 2 567 890 32 45 678 9 0 567 3 21 32 4567 
1 4 5 [100] [2] 9 12 78 90 567 3 2 567 890 32 45 678 9 0 567 3 21 32 4567 
1 4 5 2 [100] [9] 12 78 90 567 3 2 567 890 32 45 678 9 0 567 3 21 32 4567 
1 4 5 2 9 [100] [12] 78 90 567 3 2 567 890 32 45 678 9 0 567 3 21 32 4567 
1 4 5 2 9 12 [100] [78] 90 567 3 2 567 890 32 45 678 9 0 567 3 21 32 4567 
1 4 5 2 9 12 78 [100] [90] 567 3 2 567 890 32 45 678 9 0 567 3 21 32 4567 
1 4 5 2 9 12 78 90 [100] [567] 3 2 567 890 32 45 678 9 0 567 3 21 32 4567 
1 4 5 2 9 12 78 90 100 [567] [3] 2 567 890 32 45 678 9 0 567 3 21 32 4567 
1 4 5 2 9 12 78 90 100 3 [567] [2] 567 890 32 45 678 9 0 567 3 21 32 4567 
1 4 5 2 9 12 78 90 100 3 2 [567] [567] 890 32 45 678 9 0 567 3 21 32 4567 
1 4 5 2 9 12 78 90 100 3 2 567 [567] [890] 32 45 678 9 0 567 3 21 32 4567 
1 4 5 2 9 12 78 90 100 3 2 567 567 [890] [32] 45 678 9 0 567 3 21 32 4567 
1 4 5 2 9 12 78 90 100 3 2 567 567 32 [890] [45] 678 9 0 567 3 21 32 4567 
1 4 5 2 9 12 78 90 100 3 2 567 567 32 45 [890] [678] 9 0 567 3 21 32 4567 
1 4 5 2 9 12 78 90 100 3 2 567 567 32 45 678 [890] [9] 0 567 3 21 32 4567 
1 4 5 2 9 12 78 90 100 3 2 567 567 32 45 678 9 [890] [0] 567 3 21 32 4567 
1 4 5 2 9 12 78 90 100 3 2 567 567 32 45 678 9 0 [890] [567] 3 21 32 4567 
1 4 5 2 9 12 78 90 100 3 2 567 567 32 45 678 9 0 567 [890] [3] 21 32 4567 
1 4 5 2 9 12 78 90 100 3 2 567 567 32 45 678 9 0 567 3 [890] [21] 32 4567 
1 4 5 2 9 12 78 90 100 3 2 567 567 32 45 678 9 0 567 3 21 [890] [32] 4567 
1 4 5 2 9 12 78 90 100 3 2 567 567 32 45 678 9 0 567 3 21 32 [890] [4567] 
Pass = 1
1 4 5 2 9 12 78 90 100 3 2 567 567 32 45 678 9 0 567 3 21 32 890 4567 
[1] [4] 5 2 9 12 78 90 100 3 2 567 567 32 45 678 9 0 567 3 21 32 890 4567 
1 [4] [5] 2 9 12 78 90 100 3 2 567 567 32 45 678 9 0 567 3 21 32 890 4567 
1 4 [5] [2] 9 12 78 90 100 3 2 567 567 32 45 678 9 0 567 3 21 32 890 4567 
1 4 2 [5] [9] 12 78 90 100 3 2 567 567 32 45 678 9 0 567 3 21 32 890 4567 
1 4 2 5 [9] [12] 78 90 100 3 2 567 567 32 45 678 9 0 567 3 21 32 890 4567 
1 4 2 5 9 [12] [78] 90 100 3 2 567 567 32 45 678 9 0 567 3 21 32 890 4567 
1 4 2 5 9 12 [78] [90] 100 3 2 567 567 32 45 678 9 0 567 3 21 32 890 4567 
1 4 2 5 9 12 78 [90] [100] 3 2 567 567 32 45 678 9 0 567 3 21 32 890 4567 
1 4 2 5 9 12 78 90 [100] [3] 2 567 567 32 45 678 9 0 567 3 21 32 890 4567 
1 4 2 5 9 12 78 90 3 [100] [2] 567 567 32 45 678 9 0 567 3 21 32 890 4567 
1 4 2 5 9 12 78 90 3 2 [100] [567] 567 32 45 678 9 0 567 3 21 32 890 4567 
1 4 2 5 9 12 78 90 3 2 100 [567] [567] 32 45 678 9 0 567 3 21 32 890 4567 
1 4 2 5 9 12 78 90 3 2 100 567 [567] [32] 45 678 9 0 567 3 21 32 890 4567 
1 4 2 5 9 12 78 90 3 2 100 567 32 [567] [45] 678 9 0 567 3 21 32 890 4567 
1 4 2 5 9 12 78 90 3 2 100 567 32 45 [567] [678] 9 0 567 3 21 32 890 4567 
1 4 2 5 9 12 78 90 3 2 100 567 32 45 567 [678] [9] 0 567 3 21 32 890 4567 
1 4 2 5 9 12 78 90 3 2 100 567 32 45 567 9 [678] [0] 567 3 21 32 890 4567 
1 4 2 5 9 12 78 90 3 2 100 567 32 45 567 9 0 [678] [567] 3 21 32 890 4567 
1 4 2 5 9 12 78 90 3 2 100 567 32 45 567 9 0 567 [678] [3] 21 32 890 4567 
1 4 2 5 9 12 78 90 3 2 100 567 32 45 567 9 0 567 3 [678] [21] 32 890 4567 
1 4 2 5 9 12 78 90 3 2 100 567 32 45 567 9 0 567 3 21 [678] [32] 890 4567 
1 4 2 5 9 12 78 90 3 2 100 567 32 45 567 9 0 567 3 21 32 [678] [890] 4567 
Pass = 2
1 4 2 5 9 12 78 90 3 2 100 567 32 45 567 9 0 567 3 21 32 678 890 4567 
[1] [4] 2 5 9 12 78 90 3 2 100 567 32 45 567 9 0 567 3 21 32 678 890 4567 
1 [4] [2] 5 9 12 78 90 3 2 100 567 32 45 567 9 0 567 3 21 32 678 890 4567 
1 2 [4] [5] 9 12 78 90 3 2 100 567 32 45 567 9 0 567 3 21 32 678 890 4567 
1 2 4 [5] [9] 12 78 90 3 2 100 567 32 45 567 9 0 567 3 21 32 678 890 4567 
1 2 4 5 [9] [12] 78 90 3 2 100 567 32 45 567 9 0 567 3 21 32 678 890 4567 
1 2 4 5 9 [12] [78] 90 3 2 100 567 32 45 567 9 0 567 3 21 32 678 890 4567 
1 2 4 5 9 12 [78] [90] 3 2 100 567 32 45 567 9 0 567 3 21 32 678 890 4567 
1 2 4 5 9 12 78 [90] [3] 2 100 567 32 45 567 9 0 567 3 21 32 678 890 4567 
1 2 4 5 9 12 78 3 [90] [2] 100 567 32 45 567 9 0 567 3 21 32 678 890 4567 
1 2 4 5 9 12 78 3 2 [90] [100] 567 32 45 567 9 0 567 3 21 32 678 890 4567 
1 2 4 5 9 12 78 3 2 90 [100] [567] 32 45 567 9 0 567 3 21 32 678 890 4567 
1 2 4 5 9 12 78 3 2 90 100 [567] [32] 45 567 9 0 567 3 21 32 678 890 4567 
1 2 4 5 9 12 78 3 2 90 100 32 [567] [45] 567 9 0 567 3 21 32 678 890 4567 
1 2 4 5 9 12 78 3 2 90 100 32 45 [567] [567] 9 0 567 3 21 32 678 890 4567 
1 2 4 5 9 12 78 3 2 90 100 32 45 567 [567] [9] 0 567 3 21 32 678 890 4567 
1 2 4 5 9 12 78 3 2 90 100 32 45 567 9 [567] [0] 567 3 21 32 678 890 4567 
1 2 4 5 9 12 78 3 2 90 100 32 45 567 9 0 [567] [567] 3 21 32 678 890 4567 
1 2 4 5 9 12 78 3 2 90 100 32 45 567 9 0 567 [567] [3] 21 32 678 890 4567 
1 2 4 5 9 12 78 3 2 90 100 32 45 567 9 0 567 3 [567] [21] 32 678 890 4567 
1 2 4 5 9 12 78 3 2 90 100 32 45 567 9 0 567 3 21 [567] [32] 678 890 4567 
1 2 4 5 9 12 78 3 2 90 100 32 45 567 9 0 567 3 21 32 [567] [678] 890 4567 
Pass = 3
1 2 4 5 9 12 78 3 2 90 100 32 45 567 9 0 567 3 21 32 567 678 890 4567 
[1] [2] 4 5 9 12 78 3 2 90 100 32 45 567 9 0 567 3 21 32 567 678 890 4567 
1 [2] [4] 5 9 12 78 3 2 90 100 32 45 567 9 0 567 3 21 32 567 678 890 4567 
1 2 [4] [5] 9 12 78 3 2 90 100 32 45 567 9 0 567 3 21 32 567 678 890 4567 
1 2 4 [5] [9] 12 78 3 2 90 100 32 45 567 9 0 567 3 21 32 567 678 890 4567 
1 2 4 5 [9] [12] 78 3 2 90 100 32 45 567 9 0 567 3 21 32 567 678 890 4567 
1 2 4 5 9 [12] [78] 3 2 90 100 32 45 567 9 0 567 3 21 32 567 678 890 4567 
1 2 4 5 9 12 [78] [3] 2 90 100 32 45 567 9 0 567 3 21 32 567 678 890 4567 
1 2 4 5 9 12 3 [78] [2] 90 100 32 45 567 9 0 567 3 21 32 567 678 890 4567 
1 2 4 5 9 12 3 2 [78] [90] 100 32 45 567 9 0 567 3 21 32 567 678 890 4567 
1 2 4 5 9 12 3 2 78 [90] [100] 32 45 567 9 0 567 3 21 32 567 678 890 4567 
1 2 4 5 9 12 3 2 78 90 [100] [32] 45 567 9 0 567 3 21 32 567 678 890 4567 
1 2 4 5 9 12 3 2 78 90 32 [100] [45] 567 9 0 567 3 21 32 567 678 890 4567 
1 2 4 5 9 12 3 2 78 90 32 45 [100] [567] 9 0 567 3 21 32 567 678 890 4567 
1 2 4 5 9 12 3 2 78 90 32 45 100 [567] [9] 0 567 3 21 32 567 678 890 4567 
1 2 4 5 9 12 3 2 78 90 32 45 100 9 [567] [0] 567 3 21 32 567 678 890 4567 
1 2 4 5 9 12 3 2 78 90 32 45 100 9 0 [567] [567] 3 21 32 567 678 890 4567 
1 2 4 5 9 12 3 2 78 90 32 45 100 9 0 567 [567] [3] 21 32 567 678 890 4567 
1 2 4 5 9 12 3 2 78 90 32 45 100 9 0 567 3 [567] [21] 32 567 678 890 4567 
1 2 4 5 9 12 3 2 78 90 32 45 100 9 0 567 3 21 [567] [32] 567 678 890 4567 
1 2 4 5 9 12 3 2 78 90 32 45 100 9 0 567 3 21 32 [567] [567] 678 890 4567 
Pass = 4
1 2 4 5 9 12 3 2 78 90 32 45 100 9 0 567 3 21 32 567 567 678 890 4567 
[1] [2] 4 5 9 12 3 2 78 90 32 45 100 9 0 567 3 21 32 567 567 678 890 4567 
1 [2] [4] 5 9 12 3 2 78 90 32 45 100 9 0 567 3 21 32 567 567 678 890 4567 
1 2 [4] [5] 9 12 3 2 78 90 32 45 100 9 0 567 3 21 32 567 567 678 890 4567 
1 2 4 [5] [9] 12 3 2 78 90 32 45 100 9 0 567 3 21 32 567 567 678 890 4567 
1 2 4 5 [9] [12] 3 2 78 90 32 45 100 9 0 567 3 21 32 567 567 678 890 4567 
1 2 4 5 9 [12] [3] 2 78 90 32 45 100 9 0 567 3 21 32 567 567 678 890 4567 
1 2 4 5 9 3 [12] [2] 78 90 32 45 100 9 0 567 3 21 32 567 567 678 890 4567 
1 2 4 5 9 3 2 [12] [78] 90 32 45 100 9 0 567 3 21 32 567 567 678 890 4567 
1 2 4 5 9 3 2 12 [78] [90] 32 45 100 9 0 567 3 21 32 567 567 678 890 4567 
1 2 4 5 9 3 2 12 78 [90] [32] 45 100 9 0 567 3 21 32 567 567 678 890 4567 
1 2 4 5 9 3 2 12 78 32 [90] [45] 100 9 0 567 3 21 32 567 567 678 890 4567 
1 2 4 5 9 3 2 12 78 32 45 [90] [100] 9 0 567 3 21 32 567 567 678 890 4567 
1 2 4 5 9 3 2 12 78 32 45 90 [100] [9] 0 567 3 21 32 567 567 678 890 4567 
1 2 4 5 9 3 2 12 78 32 45 90 9 [100] [0] 567 3 21 32 567 567 678 890 4567 
1 2 4 5 9 3 2 12 78 32 45 90 9 0 [100] [567] 3 21 32 567 567 678 890 4567 
1 2 4 5 9 3 2 12 78 32 45 90 9 0 100 [567] [3] 21 32 567 567 678 890 4567 
1 2 4 5 9 3 2 12 78 32 45 90 9 0 100 3 [567] [21] 32 567 567 678 890 4567 
1 2 4 5 9 3 2 12 78 32 45 90 9 0 100 3 21 [567] [32] 567 567 678 890 4567 
1 2 4 5 9 3 2 12 78 32 45 90 9 0 100 3 21 32 [567] [567] 567 678 890 4567 
Pass = 5
1 2 4 5 9 3 2 12 78 32 45 90 9 0 100 3 21 32 567 567 567 678 890 4567 
[1] [2] 4 5 9 3 2 12 78 32 45 90 9 0 100 3 21 32 567 567 567 678 890 4567 
1 [2] [4] 5 9 3 2 12 78 32 45 90 9 0 100 3 21 32 567 567 567 678 890 4567 
1 2 [4] [5] 9 3 2 12 78 32 45 90 9 0 100 3 21 32 567 567 567 678 890 4567 
1 2 4 [5] [9] 3 2 12 78 32 45 90 9 0 100 3 21 32 567 567 567 678 890 4567 
1 2 4 5 [9] [3] 2 12 78 32 45 90 9 0 100 3 21 32 567 567 567 678 890 4567 
1 2 4 5 3 [9] [2] 12 78 32 45 90 9 0 100 3 21 32 567 567 567 678 890 4567 
1 2 4 5 3 2 [9] [12] 78 32 45 90 9 0 100 3 21 32 567 567 567 678 890 4567 
1 2 4 5 3 2 9 [12] [78] 32 45 90 9 0 100 3 21 32 567 567 567 678 890 4567 
1 2 4 5 3 2 9 12 [78] [32] 45 90 9 0 100 3 21 32 567 567 567 678 890 4567 
1 2 4 5 3 2 9 12 32 [78] [45] 90 9 0 100 3 21 32 567 567 567 678 890 4567 
1 2 4 5 3 2 9 12 32 45 [78] [90] 9 0 100 3 21 32 567 567 567 678 890 4567 
1 2 4 5 3 2 9 12 32 45 78 [90] [9] 0 100 3 21 32 567 567 567 678 890 4567 
1 2 4 5 3 2 9 12 32 45 78 9 [90] [0] 100 3 21 32 567 567 567 678 890 4567 
1 2 4 5 3 2 9 12 32 45 78 9 0 [90] [100] 3 21 32 567 567 567 678 890 4567 
1 2 4 5 3 2 9 12 32 45 78 9 0 90 [100] [3] 21 32 567 567 567 678 890 4567 
1 2 4 5 3 2 9 12 32 45 78 9 0 90 3 [100] [21] 32 567 567 567 678 890 4567 
1 2 4 5 3 2 9 12 32 45 78 9 0 90 3 21 [100] [32] 567 567 567 678 890 4567 
1 2 4 5 3 2 9 12 32 45 78 9 0 90 3 21 32 [100] [567] 567 567 678 890 4567 
Pass = 6
1 2 4 5 3 2 9 12 32 45 78 9 0 90 3 21 32 100 567 567 567 678 890 4567 
[1] [2] 4 5 3 2 9 12 32 45 78 9 0 90 3 21 32 100 567 567 567 678 890 4567 
1 [2] [4] 5 3 2 9 12 32 45 78 9 0 90 3 21 32 100 567 567 567 678 890 4567 
1 2 [4] [5] 3 2 9 12 32 45 78 9 0 90 3 21 32 100 567 567 567 678 890 4567 
1 2 4 [5] [3] 2 9 12 32 45 78 9 0 90 3 21 32 100 567 567 567 678 890 4567 
1 2 4 3 [5] [2] 9 12 32 45 78 9 0 90 3 21 32 100 567 567 567 678 890 4567 
1 2 4 3 2 [5] [9] 12 32 45 78 9 0 90 3 21 32 100 567 567 567 678 890 4567 
1 2 4 3 2 5 [9] [12] 32 45 78 9 0 90 3 21 32 100 567 567 567 678 890 4567 
1 2 4 3 2 5 9 [12] [32] 45 78 9 0 90 3 21 32 100 567 567 567 678 890 4567 
1 2 4 3 2 5 9 12 [32] [45] 78 9 0 90 3 21 32 100 567 567 567 678 890 4567 
1 2 4 3 2 5 9 12 32 [45] [78] 9 0 90 3 21 32 100 567 567 567 678 890 4567 
1 2 4 3 2 5 9 12 32 45 [78] [9] 0 90 3 21 32 100 567 567 567 678 890 4567 
1 2 4 3 2 5 9 12 32 45 9 [78] [0] 90 3 21 32 100 567 567 567 678 890 4567 
1 2 4 3 2 5 9 12 32 45 9 0 [78] [90] 3 21 32 100 567 567 567 678 890 4567 
1 2 4 3 2 5 9 12 32 45 9 0 78 [90] [3] 21 32 100 567 567 567 678 890 4567 
1 2 4 3 2 5 9 12 32 45 9 0 78 3 [90] [21] 32 100 567 567 567 678 890 4567 
1 2 4 3 2 5 9 12 32 45 9 0 78 3 21 [90] [32] 100 567 567 567 678 890 4567 
1 2 4 3 2 5 9 12 32 45 9 0 78 3 21 32 [90] [100] 567 567 567 678 890 4567 
Pass = 7
1 2 4 3 2 5 9 12 32 45 9 0 78 3 21 32 90 100 567 567 567 678 890 4567 
[1] [2] 4 3 2 5 9 12 32 45 9 0 78 3 21 32 90 100 567 567 567 678 890 4567 
1 [2] [4] 3 2 5 9 12 32 45 9 0 78 3 21 32 90 100 567 567 567 678 890 4567 
1 2 [4] [3] 2 5 9 12 32 45 9 0 78 3 21 32 90 100 567 567 567 678 890 4567 
1 2 3 [4] [2] 5 9 12 32 45 9 0 78 3 21 32 90 100 567 567 567 678 890 4567 
1 2 3 2 [4] [5] 9 12 32 45 9 0 78 3 21 32 90 100 567 567 567 678 890 4567 
1 2 3 2 4 [5] [9] 12 32 45 9 0 78 3 21 32 90 100 567 567 567 678 890 4567 
1 2 3 2 4 5 [9] [12] 32 45 9 0 78 3 21 32 90 100 567 567 567 678 890 4567 
1 2 3 2 4 5 9 [12] [32] 45 9 0 78 3 21 32 90 100 567 567 567 678 890 4567 
1 2 3 2 4 5 9 12 [32] [45] 9 0 78 3 21 32 90 100 567 567 567 678 890 4567 
1 2 3 2 4 5 9 12 32 [45] [9] 0 78 3 21 32 90 100 567 567 567 678 890 4567 
1 2 3 2 4 5 9 12 32 9 [45] [0] 78 3 21 32 90 100 567 567 567 678 890 4567 
1 2 3 2 4 5 9 12 32 9 0 [45] [78] 3 21 32 90 100 567 567 567 678 890 4567 
1 2 3 2 4 5 9 12 32 9 0 45 [78] [3] 21 32 90 100 567 567 567 678 890 4567 
1 2 3 2 4 5 9 12 32 9 0 45 3 [78] [21] 32 90 100 567 567 567 678 890 4567 
1 2 3 2 4 5 9 12 32 9 0 45 3 21 [78] [32] 90 100 567 567 567 678 890 4567 
1 2 3 2 4 5 9 12 32 9 0 45 3 21 32 [78] [90] 100 567 567 567 678 890 4567 
Pass = 8
1 2 3 2 4 5 9 12 32 9 0 45 3 21 32 78 90 100 567 567 567 678 890 4567 
[1] [2] 3 2 4 5 9 12 32 9 0 45 3 21 32 78 90 100 567 567 567 678 890 4567 
1 [2] [3] 2 4 5 9 12 32 9 0 45 3 21 32 78 90 100 567 567 567 678 890 4567 
1 2 [3] [2] 4 5 9 12 32 9 0 45 3 21 32 78 90 100 567 567 567 678 890 4567 
1 2 2 [3] [4] 5 9 12 32 9 0 45 3 21 32 78 90 100 567 567 567 678 890 4567 
1 2 2 3 [4] [5] 9 12 32 9 0 45 3 21 32 78 90 100 567 567 567 678 890 4567 
1 2 2 3 4 [5] [9] 12 32 9 0 45 3 21 32 78 90 100 567 567 567 678 890 4567 
1 2 2 3 4 5 [9] [12] 32 9 0 45 3 21 32 78 90 100 567 567 567 678 890 4567 
1 2 2 3 4 5 9 [12] [32] 9 0 45 3 21 32 78 90 100 567 567 567 678 890 4567 
1 2 2 3 4 5 9 12 [32] [9] 0 45 3 21 32 78 90 100 567 567 567 678 890 4567 
1 2 2 3 4 5 9 12 9 [32] [0] 45 3 21 32 78 90 100 567 567 567 678 890 4567 
1 2 2 3 4 5 9 12 9 0 [32] [45] 3 21 32 78 90 100 567 567 567 678 890 4567 
1 2 2 3 4 5 9 12 9 0 32 [45] [3] 21 32 78 90 100 567 567 567 678 890 4567 
1 2 2 3 4 5 9 12 9 0 32 3 [45] [21] 32 78 90 100 567 567 567 678 890 4567 
1 2 2 3 4 5 9 12 9 0 32 3 21 [45] [32] 78 90 100 567 567 567 678 890 4567 
1 2 2 3 4 5 9 12 9 0 32 3 21 32 [45] [78] 90 100 567 567 567 678 890 4567 
Pass = 9
1 2 2 3 4 5 9 12 9 0 32 3 21 32 45 78 90 100 567 567 567 678 890 4567 
[1] [2] 2 3 4 5 9 12 9 0 32 3 21 32 45 78 90 100 567 567 567 678 890 4567 
1 [2] [2] 3 4 5 9 12 9 0 32 3 21 32 45 78 90 100 567 567 567 678 890 4567 
1 2 [2] [3] 4 5 9 12 9 0 32 3 21 32 45 78 90 100 567 567 567 678 890 4567 
1 2 2 [3] [4] 5 9 12 9 0 32 3 21 32 45 78 90 100 567 567 567 678 890 4567 
1 2 2 3 [4] [5] 9 12 9 0 32 3 21 32 45 78 90 100 567 567 567 678 890 4567 
1 2 2 3 4 [5] [9] 12 9 0 32 3 21 32 45 78 90 100 567 567 567 678 890 4567 
1 2 2 3 4 5 [9] [12] 9 0 32 3 21 32 45 78 90 100 567 567 567 678 890 4567 
1 2 2 3 4 5 9 [12] [9] 0 32 3 21 32 45 78 90 100 567 567 567 678 890 4567 
1 2 2 3 4 5 9 9 [12] [0] 32 3 21 32 45 78 90 100 567 567 567 678 890 4567 
1 2 2 3 4 5 9 9 0 [12] [32] 3 21 32 45 78 90 100 567 567 567 678 890 4567 
1 2 2 3 4 5 9 9 0 12 [32] [3] 21 32 45 78 90 100 567 567 567 678 890 4567 
1 2 2 3 4 5 9 9 0 12 3 [32] [21] 32 45 78 90 100 567 567 567 678 890 4567 
1 2 2 3 4 5 9 9 0 12 3 21 [32] [32] 45 78 90 100 567 567 567 678 890 4567 
1 2 2 3 4 5 9 9 0 12 3 21 32 [32] [45] 78 90 100 567 567 567 678 890 4567 
Pass = 10
1 2 2 3 4 5 9 9 0 12 3 21 32 32 45 78 90 100 567 567 567 678 890 4567 
[1] [2] 2 3 4 5 9 9 0 12 3 21 32 32 45 78 90 100 567 567 567 678 890 4567 
1 [2] [2] 3 4 5 9 9 0 12 3 21 32 32 45 78 90 100 567 567 567 678 890 4567 
1 2 [2] [3] 4 5 9 9 0 12 3 21 32 32 45 78 90 100 567 567 567 678 890 4567 
1 2 2 [3] [4] 5 9 9 0 12 3 21 32 32 45 78 90 100 567 567 567 678 890 4567 
1 2 2 3 [4] [5] 9 9 0 12 3 21 32 32 45 78 90 100 567 567 567 678 890 4567 
1 2 2 3 4 [5] [9] 9 0 12 3 21 32 32 45 78 90 100 567 567 567 678 890 4567 
1 2 2 3 4 5 [9] [9] 0 12 3 21 32 32 45 78 90 100 567 567 567 678 890 4567 
1 2 2 3 4 5 9 [9] [0] 12 3 21 32 32 45 78 90 100 567 567 567 678 890 4567 
1 2 2 3 4 5 9 0 [9] [12] 3 21 32 32 45 78 90 100 567 567 567 678 890 4567 
1 2 2 3 4 5 9 0 9 [12] [3] 21 32 32 45 78 90 100 567 567 567 678 890 4567 
1 2 2 3 4 5 9 0 9 3 [12] [21] 32 32 45 78 90 100 567 567 567 678 890 4567 
1 2 2 3 4 5 9 0 9 3 12 [21] [32] 32 45 78 90 100 567 567 567 678 890 4567 
1 2 2 3 4 5 9 0 9 3 12 21 [32] [32] 45 78 90 100 567 567 567 678 890 4567 
Pass = 11
1 2 2 3 4 5 9 0 9 3 12 21 32 32 45 78 90 100 567 567 567 678 890 4567 
[1] [2] 2 3 4 5 9 0 9 3 12 21 32 32 45 78 90 100 567 567 567 678 890 4567 
1 [2] [2] 3 4 5 9 0 9 3 12 21 32 32 45 78 90 100 567 567 567 678 890 4567 
1 2 [2] [3] 4 5 9 0 9 3 12 21 32 32 45 78 90 100 567 567 567 678 890 4567 
1 2 2 [3] [4] 5 9 0 9 3 12 21 32 32 45 78 90 100 567 567 567 678 890 4567 
1 2 2 3 [4] [5] 9 0 9 3 12 21 32 32 45 78 90 100 567 567 567 678 890 4567 
1 2 2 3 4 [5] [9] 0 9 3 12 21 32 32 45 78 90 100 567 567 567 678 890 4567 
1 2 2 3 4 5 [9] [0] 9 3 12 21 32 32 45 78 90 100 567 567 567 678 890 4567 
1 2 2 3 4 5 0 [9] [9] 3 12 21 32 32 45 78 90 100 567 567 567 678 890 4567 
1 2 2 3 4 5 0 9 [9] [3] 12 21 32 32 45 78 90 100 567 567 567 678 890 4567 
1 2 2 3 4 5 0 9 3 [9] [12] 21 32 32 45 78 90 100 567 567 567 678 890 4567 
1 2 2 3 4 5 0 9 3 9 [12] [21] 32 32 45 78 90 100 567 567 567 678 890 4567 
1 2 2 3 4 5 0 9 3 9 12 [21] [32] 32 45 78 90 100 567 567 567 678 890 4567 
Pass = 12
1 2 2 3 4 5 0 9 3 9 12 21 32 32 45 78 90 100 567 567 567 678 890 4567 
[1] [2] 2 3 4 5 0 9 3 9 12 21 32 32 45 78 90 100 567 567 567 678 890 4567 
1 [2] [2] 3 4 5 0 9 3 9 12 21 32 32 45 78 90 100 567 567 567 678 890 4567 
1 2 [2] [3] 4 5 0 9 3 9 12 21 32 32 45 78 90 100 567 567 567 678 890 4567 
1 2 2 [3] [4] 5 0 9 3 9 12 21 32 32 45 78 90 100 567 567 567 678 890 4567 
1 2 2 3 [4] [5] 0 9 3 9 12 21 32 32 45 78 90 100 567 567 567 678 890 4567 
1 2 2 3 4 [5] [0] 9 3 9 12 21 32 32 45 78 90 100 567 567 567 678 890 4567 
1 2 2 3 4 0 [5] [9] 3 9 12 21 32 32 45 78 90 100 567 567 567 678 890 4567 
1 2 2 3 4 0 5 [9] [3] 9 12 21 32 32 45 78 90 100 567 567 567 678 890 4567 
1 2 2 3 4 0 5 3 [9] [9] 12 21 32 32 45 78 90 100 567 567 567 678 890 4567 
1 2 2 3 4 0 5 3 9 [9] [12] 21 32 32 45 78 90 100 567 567 567 678 890 4567 
1 2 2 3 4 0 5 3 9 9 [12] [21] 32 32 45 78 90 100 567 567 567 678 890 4567 
Pass = 13
1 2 2 3 4 0 5 3 9 9 12 21 32 32 45 78 90 100 567 567 567 678 890 4567 
[1] [2] 2 3 4 0 5 3 9 9 12 21 32 32 45 78 90 100 567 567 567 678 890 4567 
1 [2] [2] 3 4 0 5 3 9 9 12 21 32 32 45 78 90 100 567 567 567 678 890 4567 
1 2 [2] [3] 4 0 5 3 9 9 12 21 32 32 45 78 90 100 567 567 567 678 890 4567 
1 2 2 [3] [4] 0 5 3 9 9 12 21 32 32 45 78 90 100 567 567 567 678 890 4567 
1 2 2 3 [4] [0] 5 3 9 9 12 21 32 32 45 78 90 100 567 567 567 678 890 4567 
1 2 2 3 0 [4] [5] 3 9 9 12 21 32 32 45 78 90 100 567 567 567 678 890 4567 
1 2 2 3 0 4 [5] [3] 9 9 12 21 32 32 45 78 90 100 567 567 567 678 890 4567 
1 2 2 3 0 4 3 [5] [9] 9 12 21 32 32 45 78 90 100 567 567 567 678 890 4567 
1 2 2 3 0 4 3 5 [9] [9] 12 21 32 32 45 78 90 100 567 567 567 678 890 4567 
1 2 2 3 0 4 3 5 9 [9] [12] 21 32 32 45 78 90 100 567 567 567 678 890 4567 
Pass = 14
1 2 2 3 0 4 3 5 9 9 12 21 32 32 45 78 90 100 567 567 567 678 890 4567 
[1] [2] 2 3 0 4 3 5 9 9 12 21 32 32 45 78 90 100 567 567 567 678 890 4567 
1 [2] [2] 3 0 4 3 5 9 9 12 21 32 32 45 78 90 100 567 567 567 678 890 4567 
1 2 [2] [3] 0 4 3 5 9 9 12 21 32 32 45 78 90 100 567 567 567 678 890 4567 
1 2 2 [3] [0] 4 3 5 9 9 12 21 32 32 45 78 90 100 567 567 567 678 890 4567 
1 2 2 0 [3] [4] 3 5 9 9 12 21 32 32 45 78 90 100 567 567 567 678 890 4567 
1 2 2 0 3 [4] [3] 5 9 9 12 21 32 32 45 78 90 100 567 567 567 678 890 4567 
1 2 2 0 3 3 [4] [5] 9 9 12 21 32 32 45 78 90 100 567 567 567 678 890 4567 
1 2 2 0 3 3 4 [5] [9] 9 12 21 32 32 45 78 90 100 567 567 567 678 890 4567 
1 2 2 0 3 3 4 5 [9] [9] 12 21 32 32 45 78 90 100 567 567 567 678 890 4567 
Pass = 15
1 2 2 0 3 3 4 5 9 9 12 21 32 32 45 78 90 100 567 567 567 678 890 4567 
[1] [2] 2 0 3 3 4 5 9 9 12 21 32 32 45 78 90 100 567 567 567 678 890 4567 
1 [2] [2] 0 3 3 4 5 9 9 12 21 32 32 45 78 90 100 567 567 567 678 890 4567 
1 2 [2] [0] 3 3 4 5 9 9 12 21 32 32 45 78 90 100 567 567 567 678 890 4567 
1 2 0 [2] [3] 3 4 5 9 9 12 21 32 32 45 78 90 100 567 567 567 678 890 4567 
1 2 0 2 [3] [3] 4 5 9 9 12 21 32 32 45 78 90 100 567 567 567 678 890 4567 
1 2 0 2 3 [3] [4] 5 9 9 12 21 32 32 45 78 90 100 567 567 567 678 890 4567 
1 2 0 2 3 3 [4] [5] 9 9 12 21 32 32 45 78 90 100 567 567 567 678 890 4567 
1 2 0 2 3 3 4 [5] [9] 9 12 21 32 32 45 78 90 100 567 567 567 678 890 4567 
Pass = 16
1 2 0 2 3 3 4 5 9 9 12 21 32 32 45 78 90 100 567 567 567 678 890 4567 
[1] [2] 0 2 3 3 4 5 9 9 12 21 32 32 45 78 90 100 567 567 567 678 890 4567 
1 [2] [0] 2 3 3 4 5 9 9 12 21 32 32 45 78 90 100 567 567 567 678 890 4567 
1 0 [2] [2] 3 3 4 5 9 9 12 21 32 32 45 78 90 100 567 567 567 678 890 4567 
1 0 2 [2] [3] 3 4 5 9 9 12 21 32 32 45 78 90 100 567 567 567 678 890 4567 
1 0 2 2 [3] [3] 4 5 9 9 12 21 32 32 45 78 90 100 567 567 567 678 890 4567 
1 0 2 2 3 [3] [4] 5 9 9 12 21 32 32 45 78 90 100 567 567 567 678 890 4567 
1 0 2 2 3 3 [4] [5] 9 9 12 21 32 32 45 78 90 100 567 567 567 678 890 4567 
Pass = 17
1 0 2 2 3 3 4 5 9 9 12 21 32 32 45 78 90 100 567 567 567 678 890 4567 
[1] [0] 2 2 3 3 4 5 9 9 12 21 32 32 45 78 90 100 567 567 567 678 890 4567 
0 [1] [2] 2 3 3 4 5 9 9 12 21 32 32 45 78 90 100 567 567 567 678 890 4567 
0 1 [2] [2] 3 3 4 5 9 9 12 21 32 32 45 78 90 100 567 567 567 678 890 4567 
0 1 2 [2] [3] 3 4 5 9 9 12 21 32 32 45 78 90 100 567 567 567 678 890 4567 
0 1 2 2 [3] [3] 4 5 9 9 12 21 32 32 45 78 90 100 567 567 567 678 890 4567 
0 1 2 2 3 [3] [4] 5 9 9 12 21 32 32 45 78 90 100 567 567 567 678 890 4567 
Pass = 18
0 1 2 2 3 3 4 5 9 9 12 21 32 32 45 78 90 100 567 567 567 678 890 4567 
[0] [1] 2 2 3 3 4 5 9 9 12 21 32 32 45 78 90 100 567 567 567 678 890 4567 
0 [1] [2] 2 3 3 4 5 9 9 12 21 32 32 45 78 90 100 567 567 567 678 890 4567 
0 1 [2] [2] 3 3 4 5 9 9 12 21 32 32 45 78 90 100 567 567 567 678 890 4567 
0 1 2 [2] [3] 3 4 5 9 9 12 21 32 32 45 78 90 100 567 567 567 678 890 4567 
0 1 2 2 [3] [3] 4 5 9 9 12 21 32 32 45 78 90 100 567 567 567 678 890 4567 
Pass = 19
0 1 2 2 3 3 4 5 9 9 12 21 32 32 45 78 90 100 567 567 567 678 890 4567 
[0] [1] 2 2 3 3 4 5 9 9 12 21 32 32 45 78 90 100 567 567 567 678 890 4567 
0 [1] [2] 2 3 3 4 5 9 9 12 21 32 32 45 78 90 100 567 567 567 678 890 4567 
0 1 [2] [2] 3 3 4 5 9 9 12 21 32 32 45 78 90 100 567 567 567 678 890 4567 
0 1 2 [2] [3] 3 4 5 9 9 12 21 32 32 45 78 90 100 567 567 567 678 890 4567 
Pass = 20
0 1 2 2 3 3 4 5 9 9 12 21 32 32 45 78 90 100 567 567 567 678 890 4567 
[0] [1] 2 2 3 3 4 5 9 9 12 21 32 32 45 78 90 100 567 567 567 678 890 4567 
0 [1] [2] 2 3 3 4 5 9 9 12 21 32 32 45 78 90 100 567 567 567 678 890 4567 
0 1 [2] [2] 3 3 4 5 9 9 12 21 32 32 45 78 90 100 567 567 567 678 890 4567 
Pass = 21
0 1 2 2 3 3 4 5 9 9 12 21 32 32 45 78 90 100 567 567 567 678 890 4567 
[0] [1] 2 2 3 3 4 5 9 9 12 21 32 32 45 78 90 100 567 567 567 678 890 4567 
0 [1] [2] 2 3 3 4 5 9 9 12 21 32 32 45 78 90 100 567 567 567 678 890 4567 
Pass = 22
0 1 2 2 3 3 4 5 9 9 12 21 32 32 45 78 90 100 567 567 567 678 890 4567 
[0] [1] 2 2 3 3 4 5 9 9 12 21 32 32 45 78 90 100 567 567 567 678 890 4567 
-------------------------------------
0 1 2 2 3 3 4 5 9 9 12 21 32 32 45 78 90 100 567 567 567 678 890 4567 
-------------------------------------
Pass = 0
[0] [1] 2 2 3 3 4 5 9 9 12 21 32 32 45 78 90 100 567 567 567 678 890 4567 
1 [0] [2] 2 3 3 4 5 9 9 12 21 32 32 45 78 90 100 567 567 567 678 890 4567 
1 2 [0] [2] 3 3 4 5 9 9 12 21 32 32 45 78 90 100 567 567 567 678 890 4567 
1 2 2 [0] [3] 3 4 5 9 9 12 21 32 32 45 78 90 100 567 567 567 678 890 4567 
1 2 2 3 [0] [3] 4 5 9 9 12 21 32 32 45 78 90 100 567 567 567 678 890 4567 
1 2 2 3 3 [0] [4] 5 9 9 12 21 32 32 45 78 90 100 567 567 567 678 890 4567 
1 2 2 3 3 4 [0] [5] 9 9 12 21 32 32 45 78 90 100 567 567 567 678 890 4567 
1 2 2 3 3 4 5 [0] [9] 9 12 21 32 32 45 78 90 100 567 567 567 678 890 4567 
1 2 2 3 3 4 5 9 [0] [9] 12 21 32 32 45 78 90 100 567 567 567 678 890 4567 
1 2 2 3 3 4 5 9 9 [0] [12] 21 32 32 45 78 90 100 567 567 567 678 890 4567 
1 2 2 3 3 4 5 9 9 12 [0] [21] 32 32 45 78 90 100 567 567 567 678 890 4567 
1 2 2 3 3 4 5 9 9 12 21 [0] [32] 32 45 78 90 100 567 567 567 678 890 4567 
1 2 2 3 3 4 5 9 9 12 21 32 [0] [32] 45 78 90 100 567 567 567 678 890 4567 
1 2 2 3 3 4 5 9 9 12 21 32 32 [0] [45] 78 90 100 567 567 567 678 890 4567 
1 2 2 3 3 4 5 9 9 12 21 32 32 45 [0] [78] 90 100 567 567 567 678 890 4567 
1 2 2 3 3 4 5 9 9 12 21 32 32 45 78 [0] [90] 100 567 567 567 678 890 4567 
1 2 2 3 3 4 5 9 9 12 21 32 32 45 78 90 [0] [100] 567 567 567 678 890 4567 
1 2 2 3 3 4 5 9 9 12 21 32 32 45 78 90 100 [0] [567] 567 567 678 890 4567 
1 2 2 3 3 4 5 9 9 12 21 32 32 45 78 90 100 567 [0] [567] 567 678 890 4567 
1 2 2 3 3 4 5 9 9 12 21 32 32 45 78 90 100 567 567 [0] [567] 678 890 4567 
1 2 2 3 3 4 5 9 9 12 21 32 32 45 78 90 100 567 567 567 [0] [678] 890 4567 
1 2 2 3 3 4 5 9 9 12 21 32 32 45 78 90 100 567 567 567 678 [0] [890] 4567 
1 2 2 3 3 4 5 9 9 12 21 32 32 45 78 90 100 567 567 567 678 890 [0] [4567] 
Pass = 1
[1] [2] 2 3 3 4 5 9 9 12 21 32 32 45 78 90 100 567 567 567 678 890 4567 0 
2 [1] [2] 3 3 4 5 9 9 12 21 32 32 45 78 90 100 567 567 567 678 890 4567 0 
2 2 [1] [3] 3 4 5 9 9 12 21 32 32 45 78 90 100 567 567 567 678 890 4567 0 
2 2 3 [1] [3] 4 5 9 9 12 21 32 32 45 78 90 100 567 567 567 678 890 4567 0 
2 2 3 3 [1] [4] 5 9 9 12 21 32 32 45 78 90 100 567 567 567 678 890 4567 0 
2 2 3 3 4 [1] [5] 9 9 12 21 32 32 45 78 90 100 567 567 567 678 890 4567 0 
2 2 3 3 4 5 [1] [9] 9 12 21 32 32 45 78 90 100 567 567 567 678 890 4567 0 
2 2 3 3 4 5 9 [1] [9] 12 21 32 32 45 78 90 100 567 567 567 678 890 4567 0 
2 2 3 3 4 5 9 9 [1] [12] 21 32 32 45 78 90 100 567 567 567 678 890 4567 0 
2 2 3 3 4 5 9 9 12 [1] [21] 32 32 45 78 90 100 567 567 567 678 890 4567 0 
2 2 3 3 4 5 9 9 12 21 [1] [32] 32 45 78 90 100 567 567 567 678 890 4567 0 
2 2 3 3 4 5 9 9 12 21 32 [1] [32] 45 78 90 100 567 567 567 678 890 4567 0 
2 2 3 3 4 5 9 9 12 21 32 32 [1] [45] 78 90 100 567 567 567 678 890 4567 0 
2 2 3 3 4 5 9 9 12 21 32 32 45 [1] [78] 90 100 567 567 567 678 890 4567 0 
2 2 3 3 4 5 9 9 12 21 32 32 45 78 [1] [90] 100 567 567 567 678 890 4567 0 
2 2 3 3 4 5 9 9 12 21 32 32 45 78 90 [1] [100] 567 567 567 678 890 4567 0 
2 2 3 3 4 5 9 9 12 21 32 32 45 78 90 100 [1] [567] 567 567 678 890 4567 0 
2 2 3 3 4 5 9 9 12 21 32 32 45 78 90 100 567 [1] [567] 567 678 890 4567 0 
2 2 3 3 4 5 9 9 12 21 32 32 45 78 90 100 567 567 [1] [567] 678 890 4567 0 
2 2 3 3 4 5 9 9 12 21 32 32 45 78 90 100 567 567 567 [1] [678] 890 4567 0 
2 2 3 3 4 5 9 9 12 21 32 32 45 78 90 100 567 567 567 678 [1] [890] 4567 0 
2 2 3 3 4 5 9 9 12 21 32 32 45 78 90 100 567 567 567 678 890 [1] [4567] 0 
Pass = 2
[2] [2] 3 3 4 5 9 9 12 21 32 32 45 78 90 100 567 567 567 678 890 4567 1 0 
2 [2] [3] 3 4 5 9 9 12 21 32 32 45 78 90 100 567 567 567 678 890 4567 1 0 
2 3 [2] [3] 4 5 9 9 12 21 32 32 45 78 90 100 567 567 567 678 890 4567 1 0 
2 3 3 [2] [4] 5 9 9 12 21 32 32 45 78 90 100 567 567 567 678 890 4567 1 0 
2 3 3 4 [2] [5] 9 9 12 21 32 32 45 78 90 100 567 567 567 678 890 4567 1 0 
2 3 3 4 5 [2] [9] 9 12 21 32 32 45 78 90 100 567 567 567 678 890 4567 1 0 
2 3 3 4 5 9 [2] [9] 12 21 32 32 45 78 90 100 567 567 567 678 890 4567 1 0 
2 3 3 4 5 9 9 [2] [12] 21 32 32 45 78 90 100 567 567 567 678 890 4567 1 0 
2 3 3 4 5 9 9 12 [2] [21] 32 32 45 78 90 100 567 567 567 678 890 4567 1 0 
2 3 3 4 5 9 9 12 21 [2] [32] 32 45 78 90 100 567 567 567 678 890 4567 1 0 
2 3 3 4 5 9 9 12 21 32 [2] [32] 45 78 90 100 567 567 567 678 890 4567 1 0 
2 3 3 4 5 9 9 12 21 32 32 [2] [45] 78 90 100 567 567 567 678 890 4567 1 0 
2 3 3 4 5 9 9 12 21 32 32 45 [2] [78] 90 100 567 567 567 678 890 4567 1 0 
2 3 3 4 5 9 9 12 21 32 32 45 78 [2] [90] 100 567 567 567 678 890 4567 1 0 
2 3 3 4 5 9 9 12 21 32 32 45 78 90 [2] [100] 567 567 567 678 890 4567 1 0 
2 3 3 4 5 9 9 12 21 32 32 45 78 90 100 [2] [567] 567 567 678 890 4567 1 0 
2 3 3 4 5 9 9 12 21 32 32 45 78 90 100 567 [2] [567] 567 678 890 4567 1 0 
2 3 3 4 5 9 9 12 21 32 32 45 78 90 100 567 567 [2] [567] 678 890 4567 1 0 
2 3 3 4 5 9 9 12 21 32 32 45 78 90 100 567 567 567 [2] [678] 890 4567 1 0 
2 3 3 4 5 9 9 12 21 32 32 45 78 90 100 567 567 567 678 [2] [890] 4567 1 0 
2 3 3 4 5 9 9 12 21 32 32 45 78 90 100 567 567 567 678 890 [2] [4567] 1 0 
Pass = 3
[2] [3] 3 4 5 9 9 12 21 32 32 45 78 90 100 567 567 567 678 890 4567 2 1 0 
3 [2] [3] 4 5 9 9 12 21 32 32 45 78 90 100 567 567 567 678 890 4567 2 1 0 
3 3 [2] [4] 5 9 9 12 21 32 32 45 78 90 100 567 567 567 678 890 4567 2 1 0 
3 3 4 [2] [5] 9 9 12 21 32 32 45 78 90 100 567 567 567 678 890 4567 2 1 0 
3 3 4 5 [2] [9] 9 12 21 32 32 45 78 90 100 567 567 567 678 890 4567 2 1 0 
3 3 4 5 9 [2] [9] 12 21 32 32 45 78 90 100 567 567 567 678 890 4567 2 1 0 
3 3 4 5 9 9 [2] [12] 21 32 32 45 78 90 100 567 567 567 678 890 4567 2 1 0 
3 3 4 5 9 9 12 [2] [21] 32 32 45 78 90 100 567 567 567 678 890 4567 2 1 0 
3 3 4 5 9 9 12 21 [2] [32] 32 45 78 90 100 567 567 567 678 890 4567 2 1 0 
3 3 4 5 9 9 12 21 32 [2] [32] 45 78 90 100 567 567 567 678 890 4567 2 1 0 
3 3 4 5 9 9 12 21 32 32 [2] [45] 78 90 100 567 567 567 678 890 4567 2 1 0 
3 3 4 5 9 9 12 21 32 32 45 [2] [78] 90 100 567 567 567 678 890 4567 2 1 0 
3 3 4 5 9 9 12 21 32 32 45 78 [2] [90] 100 567 567 567 678 890 4567 2 1 0 
3 3 4 5 9 9 12 21 32 32 45 78 90 [2] [100] 567 567 567 678 890 4567 2 1 0 
3 3 4 5 9 9 12 21 32 32 45 78 90 100 [2] [567] 567 567 678 890 4567 2 1 0 
3 3 4 5 9 9 12 21 32 32 45 78 90 100 567 [2] [567] 567 678 890 4567 2 1 0 
3 3 4 5 9 9 12 21 32 32 45 78 90 100 567 567 [2] [567] 678 890 4567 2 1 0 
3 3 4 5 9 9 12 21 32 32 45 78 90 100 567 567 567 [2] [678] 890 4567 2 1 0 
3 3 4 5 9 9 12 21 32 32 45 78 90 100 567 567 567 678 [2] [890] 4567 2 1 0 
3 3 4 5 9 9 12 21 32 32 45 78 90 100 567 567 567 678 890 [2] [4567] 2 1 0 
Pass = 4
[3] [3] 4 5 9 9 12 21 32 32 45 78 90 100 567 567 567 678 890 4567 2 2 1 0 
3 [3] [4] 5 9 9 12 21 32 32 45 78 90 100 567 567 567 678 890 4567 2 2 1 0 
3 4 [3] [5] 9 9 12 21 32 32 45 78 90 100 567 567 567 678 890 4567 2 2 1 0 
3 4 5 [3] [9] 9 12 21 32 32 45 78 90 100 567 567 567 678 890 4567 2 2 1 0 
3 4 5 9 [3] [9] 12 21 32 32 45 78 90 100 567 567 567 678 890 4567 2 2 1 0 
3 4 5 9 9 [3] [12] 21 32 32 45 78 90 100 567 567 567 678 890 4567 2 2 1 0 
3 4 5 9 9 12 [3] [21] 32 32 45 78 90 100 567 567 567 678 890 4567 2 2 1 0 
3 4 5 9 9 12 21 [3] [32] 32 45 78 90 100 567 567 567 678 890 4567 2 2 1 0 
3 4 5 9 9 12 21 32 [3] [32] 45 78 90 100 567 567 567 678 890 4567 2 2 1 0 
3 4 5 9 9 12 21 32 32 [3] [45] 78 90 100 567 567 567 678 890 4567 2 2 1 0 
3 4 5 9 9 12 21 32 32 45 [3] [78] 90 100 567 567 567 678 890 4567 2 2 1 0 
3 4 5 9 9 12 21 32 32 45 78 [3] [90] 100 567 567 567 678 890 4567 2 2 1 0 
3 4 5 9 9 12 21 32 32 45 78 90 [3] [100] 567 567 567 678 890 4567 2 2 1 0 
3 4 5 9 9 12 21 32 32 45 78 90 100 [3] [567] 567 567 678 890 4567 2 2 1 0 
3 4 5 9 9 12 21 32 32 45 78 90 100 567 [3] [567] 567 678 890 4567 2 2 1 0 
3 4 5 9 9 12 21 32 32 45 78 90 100 567 567 [3] [567] 678 890 4567 2 2 1 0 
3 4 5 9 9 12 21 32 32 45 78 90 100 567 567 567 [3] [678] 890 4567 2 2 1 0 
3 4 5 9 9 12 21 32 32 45 78 90 100 567 567 567 678 [3] [890] 4567 2 2 1 0 
3 4 5 9 9 12 21 32 32 45 78 90 100 567 567 567 678 890 [3] [4567] 2 2 1 0 
Pass = 5
[3] [4] 5 9 9 12 21 32 32 45 78 90 100 567 567 567 678 890 4567 3 2 2 1 0 
4 [3] [5] 9 9 12 21 32 32 45 78 90 100 567 567 567 678 890 4567 3 2 2 1 0 
4 5 [3] [9] 9 12 21 32 32 45 78 90 100 567 567 567 678 890 4567 3 2 2 1 0 
4 5 9 [3] [9] 12 21 32 32 45 78 90 100 567 567 567 678 890 4567 3 2 2 1 0 
4 5 9 9 [3] [12] 21 32 32 45 78 90 100 567 567 567 678 890 4567 3 2 2 1 0 
4 5 9 9 12 [3] [21] 32 32 45 78 90 100 567 567 567 678 890 4567 3 2 2 1 0 
4 5 9 9 12 21 [3] [32] 32 45 78 90 100 567 567 567 678 890 4567 3 2 2 1 0 
4 5 9 9 12 21 32 [3] [32] 45 78 90 100 567 567 567 678 890 4567 3 2 2 1 0 
4 5 9 9 12 21 32 32 [3] [45] 78 90 100 567 567 567 678 890 4567 3 2 2 1 0 
4 5 9 9 12 21 32 32 45 [3] [78] 90 100 567 567 567 678 890 4567 3 2 2 1 0 
4 5 9 9 12 21 32 32 45 78 [3] [90] 100 567 567 567 678 890 4567 3 2 2 1 0 
4 5 9 9 12 21 32 32 45 78 90 [3] [100] 567 567 567 678 890 4567 3 2 2 1 0 
4 5 9 9 12 21 32 32 45 78 90 100 [3] [567] 567 567 678 890 4567 3 2 2 1 0 
4 5 9 9 12 21 32 32 45 78 90 100 567 [3] [567] 567 678 890 4567 3 2 2 1 0 
4 5 9 9 12 21 32 32 45 78 90 100 567 567 [3] [567] 678 890 4567 3 2 2 1 0 
4 5 9 9 12 21 32 32 45 78 90 100 567 567 567 [3] [678] 890 4567 3 2 2 1 0 
4 5 9 9 12 21 32 32 45 78 90 100 567 567 567 678 [3] [890] 4567 3 2 2 1 0 
4 5 9 9 12 21 32 32 45 78 90 100 567 567 567 678 890 [3] [4567] 3 2 2 1 0 
Pass = 6
[4] [5] 9 9 12 21 32 32 45 78 90 100 567 567 567 678 890 4567 3 3 2 2 1 0 
5 [4] [9] 9 12 21 32 32 45 78 90 100 567 567 567 678 890 4567 3 3 2 2 1 0 
5 9 [4] [9] 12 21 32 32 45 78 90 100 567 567 567 678 890 4567 3 3 2 2 1 0 
5 9 9 [4] [12] 21 32 32 45 78 90 100 567 567 567 678 890 4567 3 3 2 2 1 0 
5 9 9 12 [4] [21] 32 32 45 78 90 100 567 567 567 678 890 4567 3 3 2 2 1 0 
5 9 9 12 21 [4] [32] 32 45 78 90 100 567 567 567 678 890 4567 3 3 2 2 1 0 
5 9 9 12 21 32 [4] [32] 45 78 90 100 567 567 567 678 890 4567 3 3 2 2 1 0 
5 9 9 12 21 32 32 [4] [45] 78 90 100 567 567 567 678 890 4567 3 3 2 2 1 0 
5 9 9 12 21 32 32 45 [4] [78] 90 100 567 567 567 678 890 4567 3 3 2 2 1 0 
5 9 9 12 21 32 32 45 78 [4] [90] 100 567 567 567 678 890 4567 3 3 2 2 1 0 
5 9 9 12 21 32 32 45 78 90 [4] [100] 567 567 567 678 890 4567 3 3 2 2 1 0 
5 9 9 12 21 32 32 45 78 90 100 [4] [567] 567 567 678 890 4567 3 3 2 2 1 0 
5 9 9 12 21 32 32 45 78 90 100 567 [4] [567] 567 678 890 4567 3 3 2 2 1 0 
5 9 9 12 21 32 32 45 78 90 100 567 567 [4] [567] 678 890 4567 3 3 2 2 1 0 
5 9 9 12 21 32 32 45 78 90 100 567 567 567 [4] [678] 890 4567 3 3 2 2 1 0 
5 9 9 12 21 32 32 45 78 90 100 567 567 567 678 [4] [890] 4567 3 3 2 2 1 0 
5 9 9 12 21 32 32 45 78 90 100 567 567 567 678 890 [4] [4567] 3 3 2 2 1 0 
Pass = 7
[5] [9] 9 12 21 32 32 45 78 90 100 567 567 567 678 890 4567 4 3 3 2 2 1 0 
9 [5] [9] 12 21 32 32 45 78 90 100 567 567 567 678 890 4567 4 3 3 2 2 1 0 
9 9 [5] [12] 21 32 32 45 78 90 100 567 567 567 678 890 4567 4 3 3 2 2 1 0 
9 9 12 [5] [21] 32 32 45 78 90 100 567 567 567 678 890 4567 4 3 3 2 2 1 0 
9 9 12 21 [5] [32] 32 45 78 90 100 567 567 567 678 890 4567 4 3 3 2 2 1 0 
9 9 12 21 32 [5] [32] 45 78 90 100 567 567 567 678 890 4567 4 3 3 2 2 1 0 
9 9 12 21 32 32 [5] [45] 78 90 100 567 567 567 678 890 4567 4 3 3 2 2 1 0 
9 9 12 21 32 32 45 [5] [78] 90 100 567 567 567 678 890 4567 4 3 3 2 2 1 0 
9 9 12 21 32 32 45 78 [5] [90] 100 567 567 567 678 890 4567 4 3 3 2 2 1 0 
9 9 12 21 32 32 45 78 90 [5] [100] 567 567 567 678 890 4567 4 3 3 2 2 1 0 
9 9 12 21 32 32 45 78 90 100 [5] [567] 567 567 678 890 4567 4 3 3 2 2 1 0 
9 9 12 21 32 32 45 78 90 100 567 [5] [567] 567 678 890 4567 4 3 3 2 2 1 0 
9 9 12 21 32 32 45 78 90 100 567 567 [5] [567] 678 890 4567 4 3 3 2 2 1 0 
9 9 12 21 32 32 45 78 90 100 567 567 567 [5] [678] 890 4567 4 3 3 2 2 1 0 
9 9 12 21 32 32 45 78 90 100 567 567 567 678 [5] [890] 4567 4 3 3 2 2 1 0 
9 9 12 21 32 32 45 78 90 100 567 567 567 678 890 [5] [4567] 4 3 3 2 2 1 0 
Pass = 8
[9] [9] 12 21 32 32 45 78 90 100 567 567 567 678 890 4567 5 4 3 3 2 2 1 0 
9 [9] [12] 21 32 32 45 78 90 100 567 567 567 678 890 4567 5 4 3 3 2 2 1 0 
9 12 [9] [21] 32 32 45 78 90 100 567 567 567 678 890 4567 5 4 3 3 2 2 1 0 
9 12 21 [9] [32] 32 45 78 90 100 567 567 567 678 890 4567 5 4 3 3 2 2 1 0 
9 12 21 32 [9] [32] 45 78 90 100 567 567 567 678 890 4567 5 4 3 3 2 2 1 0 
9 12 21 32 32 [9] [45] 78 90 100 567 567 567 678 890 4567 5 4 3 3 2 2 1 0 
9 12 21 32 32 45 [9] [78] 90 100 567 567 567 678 890 4567 5 4 3 3 2 2 1 0 
9 12 21 32 32 45 78 [9] [90] 100 567 567 567 678 890 4567 5 4 3 3 2 2 1 0 
9 12 21 32 32 45 78 90 [9] [100] 567 567 567 678 890 4567 5 4 3 3 2 2 1 0 
9 12 21 32 32 45 78 90 100 [9] [567] 567 567 678 890 4567 5 4 3 3 2 2 1 0 
9 12 21 32 32 45 78 90 100 567 [9] [567] 567 678 890 4567 5 4 3 3 2 2 1 0 
9 12 21 32 32 45 78 90 100 567 567 [9] [567] 678 890 4567 5 4 3 3 2 2 1 0 
9 12 21 32 32 45 78 90 100 567 567 567 [9] [678] 890 4567 5 4 3 3 2 2 1 0 
9 12 21 32 32 45 78 90 100 567 567 567 678 [9] [890] 4567 5 4 3 3 2 2 1 0 
9 12 21 32 32 45 78 90 100 567 567 567 678 890 [9] [4567] 5 4 3 3 2 2 1 0 
Pass = 9
[9] [12] 21 32 32 45 78 90 100 567 567 567 678 890 4567 9 5 4 3 3 2 2 1 0 
12 [9] [21] 32 32 45 78 90 100 567 567 567 678 890 4567 9 5 4 3 3 2 2 1 0 
12 21 [9] [32] 32 45 78 90 100 567 567 567 678 890 4567 9 5 4 3 3 2 2 1 0 
12 21 32 [9] [32] 45 78 90 100 567 567 567 678 890 4567 9 5 4 3 3 2 2 1 0 
12 21 32 32 [9] [45] 78 90 100 567 567 567 678 890 4567 9 5 4 3 3 2 2 1 0 
12 21 32 32 45 [9] [78] 90 100 567 567 567 678 890 4567 9 5 4 3 3 2 2 1 0 
12 21 32 32 45 78 [9] [90] 100 567 567 567 678 890 4567 9 5 4 3 3 2 2 1 0 
12 21 32 32 45 78 90 [9] [100] 567 567 567 678 890 4567 9 5 4 3 3 2 2 1 0 
12 21 32 32 45 78 90 100 [9] [567] 567 567 678 890 4567 9 5 4 3 3 2 2 1 0 
12 21 32 32 45 78 90 100 567 [9] [567] 567 678 890 4567 9 5 4 3 3 2 2 1 0 
12 21 32 32 45 78 90 100 567 567 [9] [567] 678 890 4567 9 5 4 3 3 2 2 1 0 
12 21 32 32 45 78 90 100 567 567 567 [9] [678] 890 4567 9 5 4 3 3 2 2 1 0 
12 21 32 32 45 78 90 100 567 567 567 678 [9] [890] 4567 9 5 4 3 3 2 2 1 0 
12 21 32 32 45 78 90 100 567 567 567 678 890 [9] [4567] 9 5 4 3 3 2 2 1 0 
Pass = 10
[12] [21] 32 32 45 78 90 100 567 567 567 678 890 4567 9 9 5 4 3 3 2 2 1 0 
21 [12] [32] 32 45 78 90 100 567 567 567 678 890 4567 9 9 5 4 3 3 2 2 1 0 
21 32 [12] [32] 45 78 90 100 567 567 567 678 890 4567 9 9 5 4 3 3 2 2 1 0 
21 32 32 [12] [45] 78 90 100 567 567 567 678 890 4567 9 9 5 4 3 3 2 2 1 0 
21 32 32 45 [12] [78] 90 100 567 567 567 678 890 4567 9 9 5 4 3 3 2 2 1 0 
21 32 32 45 78 [12] [90] 100 567 567 567 678 890 4567 9 9 5 4 3 3 2 2 1 0 
21 32 32 45 78 90 [12] [100] 567 567 567 678 890 4567 9 9 5 4 3 3 2 2 1 0 
21 32 32 45 78 90 100 [12] [567] 567 567 678 890 4567 9 9 5 4 3 3 2 2 1 0 
21 32 32 45 78 90 100 567 [12] [567] 567 678 890 4567 9 9 5 4 3 3 2 2 1 0 
21 32 32 45 78 90 100 567 567 [12] [567] 678 890 4567 9 9 5 4 3 3 2 2 1 0 
21 32 32 45 78 90 100 567 567 567 [12] [678] 890 4567 9 9 5 4 3 3 2 2 1 0 
21 32 32 45 78 90 100 567 567 567 678 [12] [890] 4567 9 9 5 4 3 3 2 2 1 0 
21 32 32 45 78 90 100 567 567 567 678 890 [12] [4567] 9 9 5 4 3 3 2 2 1 0 
Pass = 11
[21] [32] 32 45 78 90 100 567 567 567 678 890 4567 12 9 9 5 4 3 3 2 2 1 0 
32 [21] [32] 45 78 90 100 567 567 567 678 890 4567 12 9 9 5 4 3 3 2 2 1 0 
32 32 [21] [45] 78 90 100 567 567 567 678 890 4567 12 9 9 5 4 3 3 2 2 1 0 
32 32 45 [21] [78] 90 100 567 567 567 678 890 4567 12 9 9 5 4 3 3 2 2 1 0 
32 32 45 78 [21] [90] 100 567 567 567 678 890 4567 12 9 9 5 4 3 3 2 2 1 0 
32 32 45 78 90 [21] [100] 567 567 567 678 890 4567 12 9 9 5 4 3 3 2 2 1 0 
32 32 45 78 90 100 [21] [567] 567 567 678 890 4567 12 9 9 5 4 3 3 2 2 1 0 
32 32 45 78 90 100 567 [21] [567] 567 678 890 4567 12 9 9 5 4 3 3 2 2 1 0 
32 32 45 78 90 100 567 567 [21] [567] 678 890 4567 12 9 9 5 4 3 3 2 2 1 0 
32 32 45 78 90 100 567 567 567 [21] [678] 890 4567 12 9 9 5 4 3 3 2 2 1 0 
32 32 45 78 90 100 567 567 567 678 [21] [890] 4567 12 9 9 5 4 3 3 2 2 1 0 
32 32 45 78 90 100 567 567 567 678 890 [21] [4567] 12 9 9 5 4 3 3 2 2 1 0 
Pass = 12
[32] [32] 45 78 90 100 567 567 567 678 890 4567 21 12 9 9 5 4 3 3 2 2 1 0 
32 [32] [45] 78 90 100 567 567 567 678 890 4567 21 12 9 9 5 4 3 3 2 2 1 0 
32 45 [32] [78] 90 100 567 567 567 678 890 4567 21 12 9 9 5 4 3 3 2 2 1 0 
32 45 78 [32] [90] 100 567 567 567 678 890 4567 21 12 9 9 5 4 3 3 2 2 1 0 
32 45 78 90 [32] [100] 567 567 567 678 890 4567 21 12 9 9 5 4 3 3 2 2 1 0 
32 45 78 90 100 [32] [567] 567 567 678 890 4567 21 12 9 9 5 4 3 3 2 2 1 0 
32 45 78 90 100 567 [32] [567] 567 678 890 4567 21 12 9 9 5 4 3 3 2 2 1 0 
32 45 78 90 100 567 567 [32] [567] 678 890 4567 21 12 9 9 5 4 3 3 2 2 1 0 
32 45 78 90 100 567 567 567 [32] [678] 890 4567 21 12 9 9 5 4 3 3 2 2 1 0 
32 45 78 90 100 567 567 567 678 [32] [890] 4567 21 12 9 9 5 4 3 3 2 2 1 0 
32 45 78 90 100 567 567 567 678 890 [32] [4567] 21 12 9 9 5 4 3 3 2 2 1 0 
Pass = 13
[32] [45] 78 90 100 567 567 567 678 890 4567 32 21 12 9 9 5 4 3 3 2 2 1 0 
45 [32] [78] 90 100 567 567 567 678 890 4567 32 21 12 9 9 5 4 3 3 2 2 1 0 
45 78 [32] [90] 100 567 567 567 678 890 4567 32 21 12 9 9 5 4 3 3 2 2 1 0 
45 78 90 [32] [100] 567 567 567 678 890 4567 32 21 12 9 9 5 4 3 3 2 2 1 0 
45 78 90 100 [32] [567] 567 567 678 890 4567 32 21 12 9 9 5 4 3 3 2 2 1 0 
45 78 90 100 567 [32] [567] 567 678 890 4567 32 21 12 9 9 5 4 3 3 2 2 1 0 
45 78 90 100 567 567 [32] [567] 678 890 4567 32 21 12 9 9 5 4 3 3 2 2 1 0 
45 78 90 100 567 567 567 [32] [678] 890 4567 32 21 12 9 9 5 4 3 3 2 2 1 0 
45 78 90 100 567 567 567 678 [32] [890] 4567 32 21 12 9 9 5 4 3 3 2 2 1 0 
45 78 90 100 567 567 567 678 890 [32] [4567] 32 21 12 9 9 5 4 3 3 2 2 1 0 
Pass = 14
[45] [78] 90 100 567 567 567 678 890 4567 32 32 21 12 9 9 5 4 3 3 2 2 1 0 
78 [45] [90] 100 567 567 567 678 890 4567 32 32 21 12 9 9 5 4 3 3 2 2 1 0 
78 90 [45] [100] 567 567 567 678 890 4567 32 32 21 12 9 9 5 4 3 3 2 2 1 0 
78 90 100 [45] [567] 567 567 678 890 4567 32 32 21 12 9 9 5 4 3 3 2 2 1 0 
78 90 100 567 [45] [567] 567 678 890 4567 32 32 21 12 9 9 5 4 3 3 2 2 1 0 
78 90 100 567 567 [45] [567] 678 890 4567 32 32 21 12 9 9 5 4 3 3 2 2 1 0 
78 90 100 567 567 567 [45] [678] 890 4567 32 32 21 12 9 9 5 4 3 3 2 2 1 0 
78 90 100 567 567 567 678 [45] [890] 4567 32 32 21 12 9 9 5 4 3 3 2 2 1 0 
78 90 100 567 567 567 678 890 [45] [4567] 32 32 21 12 9 9 5 4 3 3 2 2 1 0 
Pass = 15
[78] [90] 100 567 567 567 678 890 4567 45 32 32 21 12 9 9 5 4 3 3 2 2 1 0 
90 [78] [100] 567 567 567 678 890 4567 45 32 32 21 12 9 9 5 4 3 3 2 2 1 0 
90 100 [78] [567] 567 567 678 890 4567 45 32 32 21 12 9 9 5 4 3 3 2 2 1 0 
90 100 567 [78] [567] 567 678 890 4567 45 32 32 21 12 9 9 5 4 3 3 2 2 1 0 
90 100 567 567 [78] [567] 678 890 4567 45 32 32 21 12 9 9 5 4 3 3 2 2 1 0 
90 100 567 567 567 [78] [678] 890 4567 45 32 32 21 12 9 9 5 4 3 3 2 2 1 0 
90 100 567 567 567 678 [78] [890] 4567 45 32 32 21 12 9 9 5 4 3 3 2 2 1 0 
90 100 567 567 567 678 890 [78] [4567] 45 32 32 21 12 9 9 5 4 3 3 2 2 1 0 
Pass = 16
[90] [100] 567 567 567 678 890 4567 78 45 32 32 21 12 9 9 5 4 3 3 2 2 1 0 
100 [90] [567] 567 567 678 890 4567 78 45 32 32 21 12 9 9 5 4 3 3 2 2 1 0 
100 567 [90] [567] 567 678 890 4567 78 45 32 32 21 12 9 9 5 4 3 3 2 2 1 0 
100 567 567 [90] [567] 678 890 4567 78 45 32 32 21 12 9 9 5 4 3 3 2 2 1 0 
100 567 567 567 [90] [678] 890 4567 78 45 32 32 21 12 9 9 5 4 3 3 2 2 1 0 
100 567 567 567 678 [90] [890] 4567 78 45 32 32 21 12 9 9 5 4 3 3 2 2 1 0 
100 567 567 567 678 890 [90] [4567] 78 45 32 32 21 12 9 9 5 4 3 3 2 2 1 0 
Pass = 17
[100] [567] 567 567 678 890 4567 90 78 45 32 32 21 12 9 9 5 4 3 3 2 2 1 0 
567 [100] [567] 567 678 890 4567 90 78 45 32 32 21 12 9 9 5 4 3 3 2 2 1 0 
567 567 [100] [567] 678 890 4567 90 78 45 32 32 21 12 9 9 5 4 3 3 2 2 1 0 
567 567 567 [100] [678] 890 4567 90 78 45 32 32 21 12 9 9 5 4 3 3 2 2 1 0 
567 567 567 678 [100] [890] 4567 90 78 45 32 32 21 12 9 9 5 4 3 3 2 2 1 0 
567 567 567 678 890 [100] [4567] 90 78 45 32 32 21 12 9 9 5 4 3 3 2 2 1 0 
Pass = 18
[567] [567] 567 678 890 4567 100 90 78 45 32 32 21 12 9 9 5 4 3 3 2 2 1 0 
567 [567] [567] 678 890 4567 100 90 78 45 32 32 21 12 9 9 5 4 3 3 2 2 1 0 
567 567 [567] [678] 890 4567 100 90 78 45 32 32 21 12 9 9 5 4 3 3 2 2 1 0 
567 567 678 [567] [890] 4567 100 90 78 45 32 32 21 12 9 9 5 4 3 3 2 2 1 0 
567 567 678 890 [567] [4567] 100 90 78 45 32 32 21 12 9 9 5 4 3 3 2 2 1 0 
Pass = 19
[567] [567] 678 890 4567 567 100 90 78 45 32 32 21 12 9 9 5 4 3 3 2 2 1 0 
567 [567] [678] 890 4567 567 100 90 78 45 32 32 21 12 9 9 5 4 3 3 2 2 1 0 
567 678 [567] [890] 4567 567 100 90 78 45 32 32 21 12 9 9 5 4 3 3 2 2 1 0 
567 678 890 [567] [4567] 567 100 90 78 45 32 32 21 12 9 9 5 4 3 3 2 2 1 0 
Pass = 20
[567] [678] 890 4567 567 567 100 90 78 45 32 32 21 12 9 9 5 4 3 3 2 2 1 0 
678 [567] [890] 4567 567 567 100 90 78 45 32 32 21 12 9 9 5 4 3 3 2 2 1 0 
678 890 [567] [4567] 567 567 100 90 78 45 32 32 21 12 9 9 5 4 3 3 2 2 1 0 
Pass = 21
[678] [890] 4567 567 567 567 100 90 78 45 32 32 21 12 9 9 5 4 3 3 2 2 1 0 
890 [678] [4567] 567 567 567 100 90 78 45 32 32 21 12 9 9 5 4 3 3 2 2 1 0 
Pass = 22
[890] [4567] 678 567 567 567 100 90 78 45 32 32 21 12 9 9 5 4 3 3 2 2 1 0 
-------------------------------------
4567 890 678 567 567 567 100 90 78 45 32 32 21 12 9 9 5 4 3 3 2 2 1 0 
-------------------------------------
